0.180000 112.883551 6.352387
0.360000 300.000000 -5.611446
0.540000 0.159589 -2.296964
0.720000 0.161924 -1.334998
0.900000 0.230102 -0.780956
1.080000 0.337009 -0.427606
1.260000 0.486164 -0.189837
1.440000 0.688334 -0.025978
1.620000 0.955449 0.087312
1.800000 1.295397 0.164866
1.980000 1.709071 0.217015
2.160000 2.189056 0.251363
2.340000 2.723137 0.273389
2.520000 3.295600 0.287100
2.700000 3.891674 0.295230
2.880000 4.499270 0.299604
3.060000 5.107725 0.301507
3.240000 5.709833 0.301752
3.420000 6.299433 0.300945
3.600000 6.872894 0.299450
3.780000 7.427620 0.297532
3.960000 7.962267 0.295360
4.140000 8.475947 0.293058
4.320000 8.968910 0.290690
4.500000 9.441154 0.288317
4.680000 9.893553 0.285961
4.860000 10.326823 0.283643
5.040000 10.741825 0.281375
5.220000 11.139344 0.279168
5.400000 11.520389 0.277022
5.580000 11.885647 0.274944
5.760000 12.236476 0.272917
5.940000 12.573181 0.270958
6.120000 12.896384 0.269071
6.300000 13.207363 0.267236
6.480000 13.506440 0.265459
6.660000 13.794529 0.263735
6.840000 14.071707 0.262073
7.020000 14.339297 0.260451
7.200000 14.596759 0.258899
7.380000 14.845360 0.257390
7.560000 15.085748 0.255918
7.740000 15.317352 0.254510
7.920000 15.541828 0.253126
8.100000 15.759034 0.251781
8.280000 15.969014 0.250483
8.460000 16.171819 0.249236
8.640000 16.368895 0.248008
8.820000 16.559599 0.246823
9.000000 16.744579 0.245670
9.180000 16.923680 0.244559
9.360000 17.097604 0.243476
9.540000 17.266330 0.242426
9.720000 17.430496 0.241398
9.900000 17.589669 0.240406
10.080000 17.744413 0.239440
10.260000 17.894951 0.238499
10.440000 18.041189 0.237587
10.620000 18.183604 0.236696
10.800000 18.321820 0.235839
10.980000 18.457115 0.234985
11.160000 18.589019 0.234151
11.340000 18.716496 0.233364
11.520000 18.841278 0.232584
11.700000 18.962823 0.231825
11.880000 19.081540 0.231081
12.060000 19.196882 0.230367
12.240000 19.309879 0.229659
12.420000 19.419962 0.228973
12.600000 19.527139 0.228312
12.780000 19.632411 0.227650
12.960000 19.734923 0.227013
13.140000 19.835109 0.226389
13.320000 19.932899 0.225783
13.500000 20.028528 0.225191
13.680000 20.122115 0.224608
13.860000 20.213563 0.224043
14.040000 20.303317 0.223482
14.220000 20.390668 0.222945
14.400000 20.476449 0.222412
14.580000 20.560138 0.221899
14.760000 20.642300 0.221390
14.940000 20.722520 0.220899
15.120000 20.801295 0.220413
15.300000 20.878398 0.219939
15.480000 20.954199 0.219468
15.660000 21.028226 0.219015
15.840000 21.100783 0.218570
16.020000 21.172152 0.218129
16.200000 21.241775 0.217706
16.380000 21.310341 0.217284
16.560000 21.377459 0.216874
16.740000 21.443962 0.216456
16.920000 21.508102 0.216075
17.100000 21.571494 0.215690
17.280000 21.633809 0.215309
17.460000 21.694913 0.214938
17.640000 21.755046 0.214571
17.820000 21.813974 0.214214
18.000000 21.871522 0.213872
