0.180000 104.613314 -6.075598
0.360000 0.009872 -3.811566
0.540000 0.013936 -2.012436
0.720000 0.048226 -1.139740
0.900000 0.108438 -0.631643
1.080000 0.192671 -0.305037
1.260000 0.303202 -0.082846
1.440000 0.444921 0.073144
1.620000 0.622864 0.184378
1.800000 0.840507 0.264111
1.980000 1.098402 0.321233
2.160000 1.394177 0.361988
2.340000 1.722776 0.390905
2.520000 2.077396 0.411303
2.700000 2.450972 0.425568
2.880000 2.836446 0.435447
3.060000 3.228204 0.442142
3.240000 3.620830 0.446577
3.420000 4.010427 0.449378
3.600000 4.393917 0.451001
3.780000 4.769201 0.451768
3.960000 5.134523 0.451926
4.140000 5.489032 0.451634
4.320000 5.831977 0.451029
4.500000 6.162951 0.450205
4.680000 6.482042 0.449220
4.860000 6.789326 0.448127
5.040000 7.084600 0.446981
5.220000 7.368625 0.445789
5.400000 7.641857 0.444566
5.580000 7.904330 0.443344
5.760000 8.156542 0.442131
5.940000 8.399171 0.440923
6.120000 8.632466 0.439735
6.300000 8.856936 0.438567
6.480000 9.072812 0.437430
6.660000 9.280520 0.436324
6.840000 9.480980 0.435229
7.020000 9.673745 0.434178
7.200000 9.859849 0.433145
7.380000 10.039566 0.432133
7.560000 10.212506 0.431168
7.740000 10.379565 0.430225
7.920000 10.541116 0.429304
8.100000 10.697373 0.428405
8.280000 10.848090 0.427543
8.460000 10.994321 0.426691
8.640000 11.135483 0.425876
8.820000 11.272314 0.425079
9.000000 11.404961 0.424302
9.180000 11.533418 0.423549
9.360000 11.657908 0.422819
9.540000 11.778862 0.422102
9.720000 11.896166 0.421408
9.900000 12.009983 0.420734
10.080000 12.120553 0.420077
10.260000 12.227988 0.419438
10.440000 12.332598 0.418809
10.620000 12.434026 0.418206
10.800000 12.532846 0.417613
10.980000 12.629021 0.417035
11.160000 12.722591 0.416473
11.340000 12.813725 0.415924
11.520000 12.902500 0.415388
11.700000 12.988975 0.414867
11.880000 13.073139 0.414361
12.060000 13.155552 0.413857
12.240000 13.235702 0.413372
12.420000 13.314009 0.412894
12.600000 13.390405 0.412430
12.780000 13.464778 0.411980
12.960000 13.537493 0.411539
13.140000 13.608504 0.411107
13.320000 13.677941 0.410683
13.500000 13.745811 0.410269
13.680000 13.812113 0.409864
13.860000 13.876860 0.409471
14.040000 13.940304 0.409082
14.220000 14.002546 0.408697
14.400000 14.063144 0.408328
14.580000 14.122563 0.407962
14.760000 14.180675 0.407607
14.940000 14.237575 0.407258
15.120000 14.293389 0.406914
15.300000 14.347986 0.406579
15.480000 14.401450 0.406251
15.660000 14.453811 0.405930
15.840000 14.505081 0.405618
16.020000 14.555571 0.405304
16.200000 14.604924 0.405001
16.380000 14.653351 0.404703
16.560000 14.700839 0.404411
16.740000 14.747309 0.404127
16.920000 14.793291 0.403838
17.100000 14.838086 0.403563
17.280000 14.882040 0.403294
17.460000 14.925413 0.403023
17.640000 14.967647 0.402768
17.820000 15.009560 0.402504
18.000000 15.050535 0.402251
