0.187151008
0.211465058
0.237698399
0.265906995
0.29615028
0.328490392
0.362991483
0.399719103
0.438739652
0.480119893
0.523926564
0.570226124
0.619084752
0.67056881
0.72474622
0.781689589
0.841482679
0.90424829
0.970126461
1
1
1
1
1
1
1
1
1
1.2
1.2
1.2
1.2
1.2
1.2
1.2
1.2
1.2
1.2
1.2
1.2
1.2
1.2
1.2
1.2
1.2
1.2
1.2
1.2
1.2
1.2
1.2
1.2
1.2
1.2
1.2
1.2
1.2
1.2
1.2
1.2
1.2
1.2
1.2
1.2
1.2
1.2
1.2
1.2
1.2
1.2
1.2
1.2
1.2
1.2
1.2
1.2
1.2
1.2
1.2
1.2
1.2
1.2
1.2
1.2
1.2
1.2
1.2
1.2
1.2
1.2
1.2
1.2
1.2
1.2
1.2
1.2
1.2
1.2
0
