0.039
0.005914974
0.006893614
0.008010001
0.009279067
0.010717297
0.012342693
0.014174914
0.016235288
0.018546949
0.021134912
0.024026104
0.027249679
0.030836942
0.03482149
0.039239531
0.04412983
0.049533941
0.055496385
0.062064734
0.069289924
0.077226344
0.085931984
0.095468855
0.10590291
0.117304542
0.129748656
0.143315033
0.158088519
0.174159335
0.191623502
0.210582616
0.231145081
0.253425819
0.277546631
0.303636633
0.33183329
0.362281626
0.395136273
0.430559623
0.468726544
0.509819836
0.55403717
0.601593088
0.652714854
0.707663431
0.766737992
0.830307806
0.898863207
0.973117778
1
1
1
1
1
1
1
1
1
0
