0.039
0.311129684
0.36565262
0.428422233
0.500130062
0.581413462
0.672810164
0.774748358
0.887634796
1
1
1
1
1
1
1
1
1
0.97557638
0.968736032
0.970703171
0.972479607
0.974088039
0.97554765
0.976874862
0.978083859
0.979186975
0.980194988
0.98111735
0.981962377
0.982737409
0.983448935
0.984102707
0.984703833
0.985256856
0.985765829
0.986234366
0.9866657
0.987062722
0.987428023
0.987763921
0.988072489
0.988355574
0.988614804
0.988851584
0.989067079
0.989262149
0.989437243
0.989592185
0.989725768
0.989835004
0.990014606
0.990158223
0.990273745
1.010228909
1.034260173
1.025340431
0.956942624
0.767015746
0
