1900 0.137 0.013 0.003 -0.093 -0.126 0.064 0.025 -0.014 -0.05 -0.015
1901 0.15 0.014 0.003 -0.098 -0.131 0.066 0.026 0.005 -0.056 -0.016
1902 0.161 0.015 0.003 -0.103 -0.136 0.068 0.026 -0.449 -0.047 -0.017
1903 0.173 0.015 0.004 -0.108 -0.141 0.07 0.027 -1.654 -0.008 -0.018
1904 0.187 0.016 0.004 -0.113 -0.146 0.072 0.028 -0.721 0.037 -0.019
1905 0.2 0.017 0.004 -0.118 -0.151 0.074 0.029 -0.27 0.009 -0.02
1906 0.212 0.017 0.004 -0.123 -0.156 0.076 0.029 -0.143 0.04 -0.021
1907 0.223 0.018 0.005 -0.128 -0.162 0.078 0.03 -0.19 0.017 -0.022
1908 0.237 0.019 0.005 -0.133 -0.167 0.08 0.031 -0.214 0.021 -0.023
1909 0.249 0.019 0.005 -0.138 -0.172 0.082 0.032 -0.068 -0.001 -0.024
1910 0.262 0.02 0.006 -0.143 -0.177 0.084 0.032 -0.049 -0.021 -0.025
1911 0.275 0.021 0.006 -0.148 -0.182 0.086 0.033 -0.012 -0.031 -0.026
1912 0.287 0.023 0.006 -0.153 -0.187 0.088 0.034 -0.43 -0.033 -0.027
1913 0.297 0.024 0.007 -0.158 -0.192 0.09 0.034 -0.538 -0.025 -0.027
1914 0.304 0.025 0.007 -0.163 -0.197 0.091 0.035 -0.207 -0.012 -0.028
1915 0.312 0.026 0.007 -0.169 -0.202 0.094 0.036 -0.066 0.035 -0.029
1916 0.325 0.027 0.008 -0.174 -0.207 0.095 0.037 -0.038 0.068 -0.03
1917 0.337 0.029 0.008 -0.179 -0.212 0.097 0.037 -0.028 0.088 -0.03
1918 0.35 0.03 0.009 -0.184 -0.217 0.099 0.038 -0.019 0.083 -0.031
1919 0.359 0.031 0.009 -0.189 -0.222 0.101 0.039 -0.021 0.048 -0.032
1920 0.372 0.032 0.009 -0.194 -0.228 0.103 0.04 -0.195 0.027 -0.032
1921 0.382 0.034 0.01 -0.199 -0.233 0.105 0.04 -0.153 0.016 -0.034
1922 0.395 0.035 0.01 -0.204 -0.238 0.107 0.041 -0.042 0.005 -0.035
1923 0.408 0.036 0.01 -0.209 -0.243 0.109 0.042 -0.002 0.016 -0.036
1924 0.421 0.037 0.011 -0.214 -0.248 0.111 0.042 -0.054 0.024 -0.037
1925 0.433 0.038 0.011 -0.219 -0.253 0.113 0.043 -0.042 0.055 -0.038
1926 0.448 0.04 0.012 -0.224 -0.257 0.114 0.043 -0.031 0.072 -0.04
1927 0.461 0.041 0.012 -0.23 -0.261 0.116 0.044 -0.009 0.102 -0.041
1928 0.474 0.042 0.012 -0.235 -0.266 0.117 0.044 -0.099 0.083 -0.042
1929 0.488 0.043 0.013 -0.241 -0.27 0.119 0.044 -0.207 0.079 -0.043
1930 0.5 0.045 0.013 -0.246 -0.274 0.12 0.044 -0.12 0.083 -0.045
1931 0.514 0.046 0.014 -0.251 -0.278 0.121 0.045 -0.085 0.072 -0.045
1932 0.525 0.048 0.014 -0.257 -0.282 0.123 0.045 -0.169 0.062 -0.046
1933 0.541 0.05 0.014 -0.262 -0.287 0.124 0.045 -0.129 0.046 -0.047
1934 0.553 0.052 0.015 -0.268 -0.291 0.125 0.045 -0.066 0.066 -0.048
1935 0.565 0.054 0.015 -0.273 -0.295 0.126 0.045 -0.073 0.097 -0.049
1936 0.577 0.055 0.015 -0.278 -0.299 0.128 0.046 -0.049 0.155 -0.05
1937 0.591 0.057 0.016 -0.284 -0.303 0.129 0.046 -0.04 0.141 -0.051
1938 0.603 0.059 0.016 -0.289 -0.308 0.131 0.046 -0.089 0.132 -0.052
1939 0.613 0.061 0.016 -0.295 -0.312 0.132 0.047 -0.071 0.132 -0.052
1940 0.617 0.062 0.017 -0.3 -0.316 0.133 0.047 -0.052 0.129 -0.053
1941 0.616 0.064 0.017 -0.306 -0.32 0.134 0.047 -0.021 0.128 -0.054
1942 0.615 0.066 0.017 -0.311 -0.324 0.136 0.047 -0.075 0.123 -0.054
1943 0.616 0.068 0.018 -0.316 -0.329 0.137 0.047 -0.078 0.109 -0.055
1944 0.615 0.069 0.018 -0.322 -0.333 0.139 0.048 -0.028 0.119 -0.056
1945 0.621 0.071 0.018 -0.327 -0.337 0.14 0.048 -0.026 0.16 -0.056
1946 0.627 0.073 0.019 -0.333 -0.341 0.141 0.048 -0.014 0.17 -0.056
1947 0.636 0.075 0.019 -0.338 -0.345 0.143 0.048 -0.028 0.204 -0.057
1948 0.644 0.076 0.02 -0.343 -0.35 0.144 0.049 -0.014 0.227 -0.058
1949 0.658 0.078 0.02 -0.349 -0.354 0.145 0.049 -0.049 0.213 -0.058
1950 0.672 0.08 0.021 -0.354 -0.358 0.147 0.049 -0.042 0.18 -0.059
1951 0.689 0.085 0.021 -0.37 -0.368 0.152 0.051 -0.019 0.145 -0.06
1952 0.704 0.09 0.022 -0.385 -0.378 0.158 0.053 -0.063 0.146 -0.062
1953 0.721 0.094 0.022 -0.401 -0.389 0.163 0.055 -0.052 0.123 -0.064
1954 0.74 0.099 0.023 -0.417 -0.399 0.169 0.058 -0.061 0.128 -0.065
1955 0.759 0.104 0.023 -0.432 -0.409 0.175 0.06 -0.016 0.145 -0.067
1956 0.778 0.109 0.024 -0.448 -0.419 0.18 0.062 -0.002 0.22 -0.069
1957 0.8 0.113 0.025 -0.464 -0.429 0.186 0.064 0.019 0.272 -0.07
1958 0.819 0.118 0.026 -0.479 -0.44 0.192 0.066 0.023 0.268 -0.072
1959 0.847 0.123 0.026 -0.495 -0.45 0.197 0.068 0.023 0.232 -0.074
1960 0.876 0.128 0.027 -0.511 -0.46 0.203 0.07 -0.08 0.22 -0.075
1961 0.9 0.132 0.028 -0.526 -0.47 0.209 0.073 -0.23 0.166 -0.076
1962 0.926 0.137 0.029 -0.541 -0.479 0.214 0.076 -0.284 0.135 -0.076
1963 0.953 0.142 0.03 -0.556 -0.488 0.22 0.078 -1.05 0.127 -0.077
1964 0.978 0.147 0.031 -0.571 -0.498 0.226 0.081 -1.661 0.13 -0.078
1965 1.006 0.151 0.031 -0.586 -0.507 0.231 0.084 -0.987 0.139 -0.078
1966 1.051 0.156 0.032 -0.601 -0.517 0.237 0.086 -0.522 0.172 -0.079
1967 1.083 0.161 0.033 -0.616 -0.526 0.243 0.089 -0.317 0.203 -0.079
1968 1.117 0.166 0.034 -0.631 -0.536 0.249 0.092 -0.618 0.214 -0.08
1969 1.162 0.17 0.035 -0.646 -0.545 0.254 0.095 -0.783 0.229 -0.081
1970 1.209 0.175 0.036 -0.661 -0.555 0.26 0.097 -0.364 0.227 -0.081
1971 1.25 0.18 0.037 -0.679 -0.564 0.264 0.098 -0.127 0.18 -0.082
1972 1.297 0.185 0.038 -0.696 -0.573 0.267 0.099 -0.066 0.186 -0.083
1973 1.36 0.189 0.039 -0.714 -0.581 0.271 0.1 -0.157 0.144 -0.084
1974 1.404 0.194 0.041 -0.731 -0.59 0.274 0.1 -0.273 0.132 -0.085
1975 1.452 0.199 0.041 -0.749 -0.599 0.278 0.101 -0.682 0.106 -0.086
1976 1.488 0.204 0.043 -0.766 -0.608 0.281 0.102 -0.291 0.127 -0.087
1977 1.55 0.208 0.044 -0.784 -0.617 0.285 0.103 -0.094 0.158 -0.088
1978 1.605 0.213 0.045 -0.801 -0.625 0.288 0.104 -0.15 0.223 -0.089
1979 1.663 0.218 0.046 -0.819 -0.634 0.292 0.104 -0.193 0.275 -0.09
1980 1.721 0.218 0.047 -0.836 -0.643 0.295 0.105 -0.085 0.277 -0.091
1981 1.778 0.218 0.048 -0.857 -0.652 0.309 0.109 -0.089 0.283 -0.091
1982 1.83 0.218 0.049 -0.877 -0.661 0.322 0.113 -1.21 0.219 -0.091
1983 1.875 0.218 0.051 -0.898 -0.67 0.336 0.117 -1.744 0.208 -0.092
1984 1.933 0.218 0.052 -0.919 -0.679 0.35 0.121 -0.682 0.15 -0.092
1985 1.985 0.217 0.053 -0.939 -0.688 0.363 0.125 -0.27 0.128 -0.092
1986 2.042 0.217 0.054 -0.96 -0.698 0.377 0.129 -0.294 0.128 -0.093
1987 2.098 0.217 0.055 -0.98 -0.707 0.39 0.133 -0.216 0.15 -0.093
1988 2.172 0.217 0.055 -1.001 -0.716 0.404 0.138 -0.153 0.191 -0.093
1989 2.231 0.217 0.056 -1.021 -0.725 0.417 0.142 -0.117 0.272 -0.093
1990 2.276 0.217 0.057 -1.042 -0.734 0.431 0.146 -0.117 0.259 -0.093
1991 2.323 0.217 0.057 -1.066 -0.751 0.441 0.149 -1.241 0.241 -0.092
1992 2.354 0.217 0.058 -1.088 -0.767 0.45 0.152 -2.822 0.223 -0.093
1993 2.376 0.217 0.058 -1.111 -0.782 0.46 0.155 -1.123 0.184 -0.093
1994 2.411 0.217 0.058 -1.132 -0.798 0.468 0.158 -0.442 0.151 -0.093
1995 2.457 0.216 0.059 -1.153 -0.812 0.477 0.161 -0.204 0.137 -0.093
1996 2.495 0.216 0.059 -1.176 -0.828 0.486 0.164 -0.125 0.124 -0.093
1997 2.516 0.216 0.059 -1.2 -0.845 0.496 0.168 -0.096 0.143 -0.093
1998 2.572 0.216 0.06 -1.223 -0.861 0.506 0.171 -0.064 0.195 -0.093
1999 2.615 0.216 0.06 -1.244 -0.876 0.515 0.174 -0.048 0.236 -0.093
2000 2.64 0.216 0.06 -1.267 -0.892 0.524 0.177 -0.048 0.277 -0.093
2001 2.667 0.216 0.06 -1.282 -0.903 0.53 0.179 -0.048 0.259 -0.093
2002 2.703 0.216 0.06 -1.295 -0.912 0.536 0.181 -0.048 0.241 -0.093
2003 2.749 0.216 0.061 -1.308 -0.922 0.541 0.183 -0.062 0.223 -0.093
2004 2.76 0.216 0.061 -1.323 -0.932 0.547 0.185 -0.055 0.186 -0.093
2005 2.793 0.216 0.061 -1.337 -0.942 0.553 0.187 -0.078 0.155 -0.093
2006 2.833 0.216 0.061 -1.351 -0.952 0.559 0.189 -0.09 0.142 -0.093
2007 2.87 0.216 0.061 -1.367 -0.963 0.566 0.191 -0.101 0.124 -0.093
2008 2.911 0.216 0.061 -1.384 -0.975 0.572 0.193 -0.087 0.116 -0.093
2009 2.942 0.216 0.062 -1.401 -0.987 0.579 0.196 -0.108 0.112 -0.093
2010 2.986 0.216 0.062 -1.418 -0.999 0.587 0.198 -0.083 0.144 -0.093
2011 3.026 0.216 0.063 -1.436 -1.012 0.594 0.201 -0.113 0.189 -0.093
2012 3.05191 0.216 0.063 -1.44707 -1.01964 0.5986 0.202291 -0.117 0.236 -0.093
2013 3.08723 0.216 0.063 -1.46246 -1.0305 0.604973 0.204445 -0.123273 0.277 -0.093
2014 3.12255 0.216 0.063 -1.47785 -1.04136 0.611345 0.2066 -0.129545 0.259 -0.093
2015 3.15786 0.216 0.063 -1.49325 -1.05223 0.617718 0.208755 -0.135818 0.241 -0.093
