0.2590697
0.2562058
0.2538011
0.2516983
0.2498877
0.24835
0.2470624
0.2460016
0.2451452
0.2444727
0.2439655
0.2436065
0.2433806
0.2432733
0.243271
0.2433596
0.2435232
0.2437419
0.2439876
0.2442377
0.2444318
0.2444695
0.2441774
0.2442851
0.2446433
0.2450967
0.2457499
0.2467787
0.2484908
0.2464324
0.246694
0.2469128
0.2471021
0.2472696
0.2474195
0.2475544
0.2476759
0.247785
0.2478818
0.2479662
0.2480366
0.2480895
0.2481179
0.2481084
0.2480367
0.2478586
0.2474949
0.2468042
0.2455336
0.2432287
0.2582781
0.2582781
0.2582781
0.2582781
0.2582781
0.2582781
0.2582781
0.2582781
0.2582781
0.2582781
