0.257051237
0.253922999
0.251771626
0.25017225
0.24920194
0.24886232
0.248998576
0.249137181
0.248178325
0.244726225
0.244846593
0.244788576
0.24465416
0.244494041
0.244327231
0.244149334
0.243932391
0.243615885
0.244007376
0.244153763
0.244187965
0.244258184
0.244354347
0.244469567
0.244598977
0.244739013
0.244886984
0.245040797
0.245198783
0.24535959
0.245522104
0.245685394
0.245848675
0.246011266
0.246172558
0.246331969
0.246488884
0.24664255
0.246791919
0.246935363
0.247070179
0.247191717
0.247291844
0.247356225
0.247359512
0.247256823
0.246968554
0.246353412
0.245159542
0.242935282
0.258278146
0.258278146
0.258278146
0.258278146
0.258278146
0.258278146
0.258278146
0.258278146
0.258278146
0.258278146
