0.261207666
0.258477791
0.256091786
0.254029865
0.252262333
0.250757521
0.249484544
0.248414632
0.247521677
0.246782351
0.246176019
0.24568454
0.24529203
0.24498462
0.244750222
0.244578314
0.244459748
0.244386576
0.244351899
0.244349736
0.244374907
0.244422934
0.24448995
0.244572632
0.244668126
0.244773999
0.24488819
0.245008967
0.245134897
0.245264813
0.245397793
0.245533139
0.245670357
0.245809137
0.245949335
0.246090935
0.246233998
0.246378571
0.246524519
0.246671233
0.246817096
0.246958531
0.24708831
0.247192521
0.247245221
0.247198863
0.246967312
0.246395377
0.245203742
0.242887509
0.258278146
0.258278146
0.258278146
0.258278146
0.258278146
0.258278146
0.258278146
0.258278146
0.258278146
0.258278146
