 0.2596 
 0.2562 
 0.2534 
 0.2509 
 0.2488 
 0.2470 
 0.2454 
 0.2441 
 0.2430 
 0.2421 
 0.2413 
 0.2406 
 0.2401 
 0.2397 
 0.2394 
 0.2392 
 0.2390 
 0.2389 
 0.2388 
 0.2388 
 0.2388 
 0.2389 
 0.2390 
 0.2392 
 0.2394 
 0.2396 
 0.2399 
 0.2401 
 0.2404 
 0.2407 
 0.2411 
 0.2414 
 0.2418 
 0.2422 
 0.2426 
 0.2430 
 0.2435 
 0.2439 
 0.2444 
 0.2449 
 0.2455 
 0.2461 
 0.2467 
 0.2475 
 0.2484 
 0.2479 
 0.2479 
 0.2480 
 0.2481 
 0.2482 
 0.2483 
 0.2483 
 0.2484 
 0.2485 
 0.2486 
 0.2487 
 0.2488 
 0.2489 
 0.2489 
 0.2490 
 0.2491 
 0.2491 
 0.2492 
 0.2493 
 0.2493 
 0.2494 
 0.2495 
 0.2495 
 0.2496 
 0.2496 
 0.2497 
 0.2497 
 0.2498 
 0.2498 
 0.2499 
 0.2499 
 0.2500 
 0.2500 
 0.2500 
 0.2501 
 0.2501 
 0.2501 
 0.2501 
 0.2500 
 0.2499 
 0.2497 
 0.2493 
 0.2486 
 0.2472 
 0.2449 
