   0.00041    0.00013    0.00007    0.00006    0.00005    0.00004    0.00004    0.00003    0.00003    0.00002    0.00002    0.00002    0.00001    0.00001    0.00001    0.00001    0.00001    0.00001    0.00001    0.00001    0.00001    0.00001    0.00001    0.00001    0.00001    0.00001    0.00001    0.00001    0.00000    0.00000    0.00000    0.00000    0.00000    0.00000    0.00000    0.00000    0.00000    0.00000    0.00000    0.00000    0.00000    0.00000    0.00000    0.00000    0.00000    0.00000    0.00000    0.00000    0.00000    0.00000    0.00000    0.00000
   0.00000    0.00028    0.00060    0.00108    0.00169    0.00230    0.00285    0.00332    0.00371    0.00400    0.00423    0.00439    0.00451    0.00459    0.00465    0.00471    0.00478    0.00487    0.00500    0.00517    0.00541    0.00573    0.00610    0.00647    0.00669    0.00654    0.00589    0.00494    0.00407    0.00339    0.00279    0.00229    0.00188    0.00154    0.00127    0.00104    0.00085    0.00070    0.00057    0.00047    0.00039    0.00032    0.00026    0.00022    0.00018    0.00015    0.00012    0.00010    0.00008    0.00007    0.00006    0.00005
   0.00000    0.00024    0.00058    0.00116    0.00210    0.00320    0.00447    0.00590    0.00746    0.00918    0.01104    0.01310    0.01539    0.01798    0.02098    0.02449    0.02868    0.03380    0.04017    0.04825    0.05865    0.07215    0.08951    0.11076    0.13379    0.15292    0.16111    0.15807    0.15232    0.14881    0.14333    0.13804    0.13298    0.12813    0.12349    0.11907    0.11485    0.11083    0.10700    0.10336    0.09988    0.09658    0.09343    0.09043    0.08758    0.08486    0.08227    0.07980    0.07745    0.07476    0.07265    0.07063
   0.00530    0.00156    0.00094    0.00088    0.00091    0.00095    0.00100    0.00106    0.00114    0.00122    0.00131    0.00142    0.00155    0.00170    0.00188    0.00209    0.00236    0.00269    0.00311    0.00364    0.00433    0.00523    0.00638    0.00778    0.00928    0.01048    0.01092    0.01062    0.01015    0.00985    0.00942    0.00901    0.00864    0.00828    0.00795    0.00764    0.00735    0.00707    0.00681    0.00656    0.00633    0.00611    0.00590    0.00570    0.00551    0.00534    0.00517    0.00501    0.00486    0.00468    0.00455    0.00442
   0.00000    0.00004    0.00012    0.00026    0.00051    0.00088    0.00136    0.00199    0.00279    0.00378    0.00499    0.00648    0.00831    0.01055    0.01333    0.01680    0.02117    0.02676    0.03402    0.04358    0.05637    0.07360    0.09665    0.12630    0.16078    0.19323    0.21367    0.21958    0.22123    0.22558    0.22641    0.22688    0.22706    0.22697    0.22665    0.22612    0.22540    0.22453    0.22351    0.22236    0.22111    0.21977    0.21835    0.21686    0.21532    0.21373    0.21210    0.21044    0.20876    0.20584    0.20417    0.20249
   0.00000    0.00000    0.00000    0.00000    0.00000    0.00001    0.00002    0.00004    0.00008    0.00015    0.00025    0.00040    0.00062    0.00093    0.00138    0.00201    0.00290    0.00416    0.00594    0.00849    0.01218    0.01753    0.02524    0.03599    0.04979    0.06474    0.07717    0.08517    0.09186    0.09998    0.10679    0.11361    0.12040    0.12715    0.13385    0.14048    0.14703    0.15350    0.15986    0.16611    0.17225    0.17827    0.18416    0.18993    0.19556    0.20106    0.20642    0.21164    0.21672    0.22036    0.22517    0.22984
   0.00000    0.00007    0.00017    0.00035    0.00064    0.00104    0.00158    0.00228    0.00316    0.00427    0.00565    0.00737    0.00951    0.01218    0.01553    0.01980    0.02525    0.03234    0.04164    0.05407    0.07090    0.09386    0.12499    0.16567    0.21395    0.26084    0.29260    0.30494    0.31157    0.32216    0.32763    0.33274    0.33749    0.34189    0.34597    0.34973    0.35318    0.35636    0.35927    0.36193    0.36436    0.36657    0.36858    0.37041    0.37207    0.37356    0.37491    0.37613    0.37722    0.37596    0.37692    0.37776
   0.00000    0.00000    0.00000    0.00000    0.00000    0.00000    0.00000    0.00001    0.00001    0.00002    0.00004    0.00006    0.00010    0.00015    0.00023    0.00034    0.00050    0.00072    0.00105    0.00152    0.00222    0.00326    0.00477    0.00693    0.00977    0.01294    0.01573    0.01771    0.01949    0.02164    0.02358    0.02560    0.02769    0.02985    0.03208    0.03438    0.03675    0.03918    0.04168    0.04423    0.04685    0.04952    0.05225    0.05503    0.05788    0.06077    0.06372    0.06672    0.06977    0.07244    0.07559    0.07879
   0.00000    0.00000    0.00000    0.00000    0.00000    0.00000    0.00000    0.00000    0.00000    0.00000    0.00000    0.00000    0.00000    0.00000    0.00000    0.00000    0.00000    0.00000    0.00000    0.00000    0.00000    0.00000    0.00000    0.00000    0.00000    0.00000    0.00000    0.00000    0.00000    0.00000    0.00000    0.00000    0.00000    0.00000    0.00000    0.00000    0.00000    0.00000    0.00000    0.00000    0.00000    0.00000    0.00000    0.00000    0.00000    0.00000    0.00000    0.00000    0.00000    0.00000    0.00000    0.00000
   0.00000    0.00000    0.00000    0.00000    0.00000    0.00000    0.00000    0.00000    0.00000    0.00000    0.00000    0.00000    0.00000    0.00000    0.00000    0.00000    0.00000    0.00000    0.00000    0.00000    0.00000    0.00000    0.00000    0.00000    0.00000    0.00000    0.00000    0.00000    0.00000    0.00000    0.00000    0.00000    0.00000    0.00000    0.00000    0.00000    0.00000    0.00000    0.00000    0.00000    0.00000    0.00000    0.00000    0.00000    0.00000    0.00000    0.00000    0.00000    0.00000    0.00000    0.00000    0.00000
   0.00527    0.00153    0.00091    0.00085    0.00089    0.00093    0.00099    0.00105    0.00112    0.00120    0.00129    0.00140    0.00152    0.00167    0.00185    0.00206    0.00233    0.00266    0.00308    0.00361    0.00430    0.00519    0.00634    0.00773    0.00922    0.01042    0.01087    0.01056    0.01010    0.00980    0.00937    0.00897    0.00859    0.00824    0.00791    0.00760    0.00731    0.00703    0.00677    0.00653    0.00630    0.00608    0.00587    0.00567    0.00549    0.00531    0.00514    0.00498    0.00483    0.00466    0.00453    0.00440
   0.00000    0.00000    0.00000    0.00000    0.00000    0.00000    0.00000    0.00000    0.00000    0.00000    0.00000    0.00000    0.00000    0.00000    0.00000    0.00000    0.00000    0.00000    0.00000    0.00000    0.00000    0.00000    0.00000    0.00000    0.00000    0.00000    0.00000    0.00000    0.00000    0.00000    0.00000    0.00000    0.00000    0.00000    0.00000    0.00000    0.00000    0.00000    0.00000    0.00000    0.00000    0.00000    0.00000    0.00000    0.00000    0.00000    0.00000    0.00000    0.00000    0.00000    0.00000    0.00000
   0.00000    0.00000    0.00000    0.00000    0.00000    0.00000    0.00000    0.00000    0.00000    0.00000    0.00000    0.00000    0.00000    0.00000    0.00000    0.00000    0.00000    0.00000    0.00000    0.00000    0.00000    0.00000    0.00000    0.00000    0.00000    0.00000    0.00000    0.00000    0.00000    0.00000    0.00000    0.00000    0.00000    0.00000    0.00000    0.00000    0.00000    0.00000    0.00000    0.00000    0.00000    0.00000    0.00000    0.00000    0.00000    0.00000    0.00000    0.00000    0.00000    0.00000    0.00000    0.00000
   0.00000    0.00000    0.00000    0.00000    0.00000    0.00000    0.00000    0.00000    0.00000    0.00000    0.00000    0.00000    0.00000    0.00000    0.00000    0.00000    0.00000    0.00000    0.00000    0.00000    0.00000    0.00000    0.00000    0.00000    0.00000    0.00000    0.00000    0.00000    0.00000    0.00000    0.00000    0.00000    0.00000    0.00000    0.00000    0.00000    0.00000    0.00000    0.00000    0.00000    0.00000    0.00000    0.00000    0.00000    0.00000    0.00000    0.00000    0.00000    0.00000    0.00000    0.00000    0.00000
   0.00000    0.00000    0.00000    0.00000    0.00000    0.00000    0.00000    0.00000    0.00000    0.00000    0.00000    0.00000    0.00000    0.00000    0.00000    0.00001    0.00001    0.00001    0.00002    0.00003    0.00005    0.00008    0.00012    0.00018    0.00027    0.00037    0.00046    0.00052    0.00056    0.00061    0.00065    0.00069    0.00071    0.00074    0.00075    0.00077    0.00077    0.00078    0.00078    0.00077    0.00077    0.00076    0.00075    0.00074    0.00073    0.00072    0.00071    0.00069    0.00068    0.00066    0.00065    0.00063
   0.00000    0.00000    0.00000    0.00000    0.00000    0.00000    0.00000    0.00000    0.00000    0.00000    0.00000    0.00000    0.00000    0.00000    0.00000    0.00000    0.00000    0.00000    0.00000    0.00000    0.00000    0.00000    0.00000    0.00000    0.00000    0.00000    0.00000    0.00000    0.00000    0.00000    0.00000    0.00000    0.00000    0.00000    0.00000    0.00000    0.00000    0.00000    0.00000    0.00000    0.00000    0.00000    0.00000    0.00000    0.00000    0.00000    0.00000    0.00000    0.00000    0.00000    0.00000    0.00000
   0.00000    0.00000    0.00000    0.00000    0.00000    0.00000    0.00000    0.00000    0.00000    0.00000    0.00000    0.00000    0.00000    0.00000    0.00000    0.00000    0.00000    0.00000    0.00000    0.00000    0.00000    0.00000    0.00001    0.00001    0.00001    0.00002    0.00002    0.00002    0.00002    0.00002    0.00002    0.00002    0.00002    0.00002    0.00002    0.00002    0.00002    0.00002    0.00002    0.00002    0.00002    0.00002    0.00002    0.00002    0.00002    0.00001    0.00001    0.00001    0.00001    0.00001    0.00001    0.00001
   0.00000    0.00000    0.00000    0.00000    0.00000    0.00000    0.00000    0.00000    0.00000    0.00000    0.00000    0.00000    0.00000    0.00000    0.00000    0.00000    0.00000    0.00000    0.00000    0.00000    0.00000    0.00001    0.00001    0.00001    0.00002    0.00002    0.00003    0.00003    0.00003    0.00003    0.00003    0.00003    0.00003    0.00003    0.00003    0.00003    0.00003    0.00002    0.00002    0.00002    0.00002    0.00002    0.00002    0.00002    0.00002    0.00002    0.00002    0.00002    0.00001    0.00001    0.00001    0.00001
   0.00000    0.00000    0.00000    0.00000    0.00000    0.00000    0.00000    0.00000    0.00000    0.00000    0.00000    0.00000    0.00000    0.00000    0.00000    0.00000    0.00000    0.00000    0.00000    0.00000    0.00000    0.00000    0.00000    0.00000    0.00000    0.00000    0.00000    0.00000    0.00000    0.00000    0.00000    0.00000    0.00000    0.00000    0.00000    0.00000    0.00000    0.00000    0.00000    0.00000    0.00000    0.00000    0.00000    0.00000    0.00000    0.00000    0.00000    0.00000    0.00000    0.00000    0.00000    0.00000
   0.00000    0.00000    0.00000    0.00000    0.00000    0.00000    0.00000    0.00000    0.00000    0.00000    0.00000    0.00000    0.00000    0.00000    0.00000    0.00000    0.00000    0.00000    0.00001    0.00001    0.00001    0.00002    0.00003    0.00004    0.00005    0.00007    0.00008    0.00009    0.00009    0.00009    0.00009    0.00009    0.00009    0.00009    0.00009    0.00008    0.00008    0.00008    0.00007    0.00007    0.00007    0.00006    0.00006    0.00006    0.00006    0.00005    0.00005    0.00005    0.00005    0.00004    0.00004    0.00004
   0.00000    0.00000    0.00000    0.00000    0.00000    0.00000    0.00000    0.00000    0.00000    0.00000    0.00000    0.00001    0.00001    0.00001    0.00002    0.00003    0.00005    0.00007    0.00011    0.00017    0.00026    0.00040    0.00061    0.00091    0.00132    0.00178    0.00216    0.00234    0.00242    0.00251    0.00257    0.00258    0.00257    0.00252    0.00246    0.00238    0.00229    0.00220    0.00211    0.00202    0.00193    0.00184    0.00175    0.00166    0.00158    0.00150    0.00142    0.00135    0.00128    0.00120    0.00114    0.00109
   0.91916    0.18311    0.04101    0.00501    0.00253    0.00243    0.00249    0.00259    0.00274    0.00291    0.00311    0.00336    0.00365    0.00399    0.00441    0.00492    0.00553    0.00630    0.00726    0.00849    0.01006    0.01207    0.01460    0.01758    0.02064    0.02290    0.02347    0.02263    0.02165    0.00581    0.00557    0.00534    0.00512    0.00492    0.00472    0.00454    0.00436    0.00419    0.00404    0.00389    0.00375    0.00361    0.00349    0.00337    0.00325    0.00315    0.00305    0.00295    0.00286    0.00992    0.00962    0.00934
   0.08359    0.02457    0.01489    0.01394    0.01431    0.01504    0.01583    0.01683    0.01797    0.01928    0.02078    0.02254    0.02458    0.02703    0.02994    0.03347    0.03778    0.04315    0.04992    0.05861    0.06988    0.08459    0.10342    0.12638    0.15099    0.17092    0.17854    0.17381    0.16629    0.16142    0.15448    0.14795    0.14178    0.13597    0.13047    0.12529    0.12039    0.11577    0.11140    0.10726    0.10336    0.09966    0.09616    0.09284    0.08970    0.08672    0.08390    0.08122    0.07868    0.07582    0.07355    0.07141
   0.00000    0.00000    0.00001    0.00002    0.00004    0.00006    0.00010    0.00014    0.00019    0.00026    0.00035    0.00046    0.00059    0.00076    0.00098    0.00126    0.00161    0.00208    0.00270    0.00353    0.00466    0.00621    0.00834    0.01114    0.01450    0.01781    0.02011    0.02111    0.02172    0.02261    0.02316    0.02368    0.02418    0.02466    0.02512    0.02556    0.02598    0.02638    0.02678    0.02716    0.02752    0.02788    0.02823    0.02856    0.02889    0.02921    0.02953    0.02984    0.03014    0.03026    0.03057    0.03087
   0.00000    0.87585    0.99136    0.99874    0.99981    0.99676    0.99372    0.99105    0.98846    0.98480    0.97980    0.97346    0.96546    0.95611    0.94430    0.92935    0.91018    0.88503    0.85173    0.80758    0.74788    0.66686    0.55836    0.41857    0.25771    0.10898    0.02035    0.00189    0.00201    0.00212    0.00219    0.00223    0.00226    0.00226    0.00226    0.00224    0.00222    0.00219    0.00216    0.00213    0.00209    0.00205    0.00200    0.00196    0.00191    0.00187    0.00182    0.00177    0.00172    0.00166    0.00161    0.00157
