   0.00035    0.00001   -0.00003   -0.00001   -0.00000   -0.00000    0.00001    0.00001    0.00001    0.00001    0.00001    0.00001    0.00001    0.00001    0.00000    0.00000    0.00000    0.00000    0.00000    0.00000    0.00001    0.00001    0.00001    0.00001    0.00001    0.00001    0.00001    0.00000    0.00000    0.00000    0.00000    0.00000    0.00000    0.00000    0.00000    0.00000    0.00000    0.00000   -0.00000   -0.00000   -0.00000   -0.00000   -0.00000   -0.00000   -0.00000   -0.00000   -0.00000   -0.00000   -0.00000   -0.00000   -0.00000   -0.00000
   0.00000    0.00012    0.00007    0.00005    0.00013    0.00027    0.00047    0.00074    0.00097    0.00122    0.00148    0.00170    0.00195    0.00218    0.00241    0.00261    0.00282    0.00302    0.00327    0.00355    0.00389    0.00428    0.00469    0.00512    0.00539    0.00533    0.00480    0.00401    0.00328    0.00272    0.00222    0.00181    0.00147    0.00119    0.00097    0.00078    0.00063    0.00051    0.00041    0.00033    0.00027    0.00022    0.00017    0.00014    0.00011    0.00009    0.00007    0.00005    0.00004    0.00003    0.00002    0.00002
   0.00000    0.00009   -0.00006   -0.00023    0.00039    0.00043    0.00088    0.00129    0.00207    0.00297    0.00408    0.00550    0.00719    0.00926    0.01179    0.01485    0.01864    0.02343    0.02955    0.03745    0.04772    0.06111    0.07848    0.09974    0.12289    0.14207    0.15041    0.14739    0.14158    0.13801    0.13245    0.12709    0.12194    0.11700    0.11228    0.10778    0.10347    0.09937    0.09546    0.09173    0.08819    0.08481    0.08159    0.07853    0.07561    0.07283    0.07019    0.06767    0.06526    0.06253    0.06037    0.05831
   0.00446    0.00099    0.00054    0.00041    0.00084    0.00040   -0.00002    0.00008    0.00032    0.00047    0.00063    0.00062    0.00063    0.00081    0.00105    0.00131    0.00159    0.00184    0.00221    0.00281    0.00354    0.00445    0.00562    0.00691    0.00835    0.00963    0.01016    0.00987    0.00940    0.00910    0.00867    0.00826    0.00788    0.00753    0.00720    0.00688    0.00659    0.00631    0.00605    0.00580    0.00556    0.00534    0.00513    0.00493    0.00474    0.00457    0.00440    0.00424    0.00408    0.00391    0.00377    0.00364
   0.00000    0.00001   -0.00004   -0.00009    0.00001    0.00008    0.00026    0.00046    0.00074    0.00121    0.00187    0.00275    0.00391    0.00551    0.00759    0.01030    0.01392    0.01877    0.02530    0.03409    0.04611    0.06270    0.08511    0.11415    0.14808    0.18003    0.19991    0.20508    0.20591    0.20949    0.20949    0.20912    0.20845    0.20750    0.20630    0.20489    0.20329    0.20153    0.19962    0.19759    0.19545    0.19321    0.19090    0.18853    0.18610    0.18363    0.18112    0.17859    0.17604    0.17220    0.16968    0.16716
   0.00000    0.00000   -0.00000    0.00000   -0.00000    0.00000    0.00000    0.00001    0.00002    0.00005    0.00009    0.00017    0.00029    0.00047    0.00076    0.00119    0.00183    0.00279    0.00423    0.00640    0.00962    0.01441    0.02150    0.03157    0.04464    0.05886    0.07053    0.07774    0.08359    0.09080    0.09668    0.10251    0.10828    0.11395    0.11953    0.12500    0.13035    0.13557    0.14065    0.14559    0.15038    0.15501    0.15949    0.16380    0.16796    0.17195    0.17578    0.17944    0.18294    0.18495    0.18814    0.19117
   0.00000    0.00001   -0.00003   -0.00005   -0.00003    0.00002    0.00014    0.00044    0.00092    0.00154    0.00236    0.00334    0.00468    0.00651    0.00898    0.01233    0.01690    0.02302    0.03132    0.04267    0.05832    0.08024    0.11066    0.15098    0.19912    0.24599    0.27740    0.28895    0.29464    0.30443    0.30895    0.31307    0.31681    0.32018    0.32320    0.32588    0.32823    0.33028    0.33204    0.33353    0.33477    0.33577    0.33655    0.33713    0.33752    0.33773    0.33778    0.33767    0.33743    0.33460    0.33419    0.33365
   0.00000    0.00000   -0.00000   -0.00000    0.00000   -0.00000   -0.00000    0.00000    0.00000    0.00001    0.00002    0.00003    0.00005    0.00008    0.00013    0.00021    0.00033    0.00050    0.00077    0.00119    0.00183    0.00280    0.00424    0.00633    0.00908    0.01217    0.01487    0.01674    0.01836    0.02036    0.02212    0.02393    0.02580    0.02773    0.02970    0.03172    0.03378    0.03588    0.03802    0.04019    0.04240    0.04463    0.04689    0.04918    0.05150    0.05383    0.05619    0.05857    0.06096    0.06293    0.06535    0.06779
   0.00000    0.00000    0.00000    0.00000    0.00000    0.00000    0.00000    0.00000    0.00000   -0.00000    0.00000    0.00000    0.00000    0.00000    0.00000    0.00000    0.00000    0.00000    0.00000    0.00000    0.00000    0.00000    0.00000    0.00000    0.00000    0.00000    0.00000    0.00000    0.00000    0.00000    0.00000    0.00000    0.00000    0.00000    0.00000    0.00000    0.00000    0.00000    0.00000    0.00000    0.00000    0.00000    0.00000    0.00000    0.00000    0.00000    0.00000    0.00000    0.00000    0.00000    0.00000    0.00000
   0.00000    0.00000    0.00000    0.00000   -0.00000   -0.00000    0.00000   -0.00000   -0.00000    0.00000   -0.00000    0.00000    0.00000    0.00000    0.00000    0.00000    0.00000    0.00000    0.00000    0.00000    0.00000    0.00000    0.00000    0.00000    0.00000    0.00000    0.00000    0.00000    0.00000    0.00000    0.00000    0.00000    0.00000    0.00000    0.00000    0.00000    0.00000    0.00000    0.00000    0.00000    0.00000    0.00000    0.00000    0.00000    0.00000    0.00000    0.00000    0.00000    0.00000    0.00000    0.00000    0.00000
   0.00440    0.00070    0.00005   -0.00004   -0.00004    0.00004    0.00011    0.00017    0.00030    0.00045    0.00055    0.00063    0.00074    0.00086    0.00101    0.00124    0.00153    0.00186    0.00227    0.00279    0.00343    0.00427    0.00540    0.00679    0.00831    0.00956    0.01002    0.00968    0.00921    0.00891    0.00848    0.00807    0.00770    0.00734    0.00701    0.00670    0.00640    0.00613    0.00586    0.00562    0.00538    0.00516    0.00495    0.00476    0.00457    0.00439    0.00422    0.00406    0.00391    0.00374    0.00360    0.00347
   0.00000    0.00000   -0.00000   -0.00000   -0.00000   -0.00000   -0.00000    0.00000    0.00000    0.00000    0.00000    0.00000    0.00000    0.00000    0.00000    0.00000    0.00000    0.00000    0.00000    0.00000    0.00000    0.00000    0.00000    0.00000    0.00000    0.00000    0.00000    0.00000    0.00000    0.00000    0.00000    0.00000    0.00000    0.00000    0.00000    0.00000    0.00000    0.00000    0.00000    0.00000    0.00000    0.00000    0.00000    0.00000    0.00000    0.00000    0.00000    0.00000    0.00000    0.00001    0.00000    0.00000
   0.00000    0.00000   -0.00000   -0.00000    0.00000   -0.00000   -0.00000    0.00000    0.00000    0.00000    0.00000    0.00000    0.00000    0.00000    0.00000    0.00000    0.00000    0.00000    0.00000    0.00000    0.00000    0.00000    0.00000    0.00000    0.00000    0.00000    0.00000    0.00000   -0.00000    0.00000    0.00000   -0.00000   -0.00000   -0.00000   -0.00000   -0.00000   -0.00000   -0.00000   -0.00000   -0.00000   -0.00000   -0.00000   -0.00000   -0.00000   -0.00000   -0.00000   -0.00000   -0.00000   -0.00000    0.00000    0.00000    0.00000
   0.00000    0.00000    0.00000   -0.00000    0.00000   -0.00000    0.00000   -0.00000   -0.00000   -0.00000    0.00000    0.00000    0.00000    0.00000    0.00000    0.00000    0.00000    0.00000    0.00000    0.00000    0.00000    0.00000    0.00000    0.00000   -0.00000   -0.00000   -0.00000   -0.00000   -0.00000   -0.00000   -0.00000   -0.00000   -0.00000   -0.00000   -0.00000   -0.00000   -0.00000   -0.00000   -0.00000   -0.00000   -0.00000   -0.00000   -0.00000   -0.00000   -0.00000   -0.00000   -0.00000   -0.00000   -0.00000   -0.00000   -0.00000   -0.00000
   0.00000   -0.00000   -0.00000   -0.00000    0.00000   -0.00000    0.00000    0.00000    0.00000    0.00000    0.00000    0.00000    0.00001    0.00001    0.00001    0.00001    0.00001    0.00001    0.00001    0.00002    0.00003    0.00004    0.00006    0.00009    0.00014    0.00020    0.00025    0.00027    0.00029    0.00032    0.00033    0.00035    0.00036    0.00037    0.00037    0.00037    0.00037    0.00037    0.00037    0.00037    0.00037    0.00036    0.00036    0.00035    0.00034    0.00034    0.00033    0.00033    0.00032    0.00031    0.00030    0.00029
   0.00000    0.00000   -0.00000   -0.00000   -0.00000    0.00000    0.00000    0.00000    0.00000    0.00000    0.00000    0.00000    0.00000    0.00000   -0.00000   -0.00000    0.00000    0.00000    0.00000    0.00000    0.00000    0.00000    0.00000    0.00000    0.00000    0.00000    0.00000    0.00000    0.00000    0.00000    0.00000    0.00000    0.00000    0.00000    0.00000    0.00000    0.00000    0.00000    0.00000    0.00000    0.00000    0.00000    0.00000    0.00000    0.00000    0.00000    0.00000    0.00000    0.00000    0.00000    0.00000    0.00000
   0.00000    0.00000   -0.00000    0.00000    0.00000   -0.00000    0.00000   -0.00000    0.00000   -0.00000    0.00000    0.00000    0.00000    0.00000    0.00000    0.00000    0.00000    0.00000    0.00000    0.00000    0.00000    0.00000    0.00000    0.00001    0.00002    0.00002    0.00002    0.00002    0.00002    0.00002    0.00002    0.00002    0.00002    0.00002    0.00002    0.00002    0.00002    0.00002    0.00002    0.00002    0.00002    0.00002    0.00002    0.00002    0.00002    0.00002    0.00002    0.00002    0.00002    0.00002    0.00002    0.00002
   0.00000    0.00000   -0.00000   -0.00000   -0.00000   -0.00000    0.00000   -0.00000    0.00000    0.00000    0.00000    0.00000   -0.00000   -0.00000   -0.00000    0.00000    0.00000    0.00000   -0.00000   -0.00000    0.00000    0.00000    0.00001    0.00001    0.00002    0.00002    0.00001    0.00001    0.00001    0.00001    0.00001    0.00001    0.00001    0.00001    0.00001    0.00001    0.00001    0.00001    0.00001    0.00001    0.00001    0.00001    0.00000    0.00000    0.00000    0.00000    0.00000    0.00000    0.00000    0.00000    0.00000    0.00000
   0.00000    0.00000    0.00000    0.00000    0.00000    0.00000    0.00000    0.00000   -0.00000    0.00000   -0.00000   -0.00000   -0.00000   -0.00000    0.00000    0.00000    0.00000    0.00000    0.00000    0.00000    0.00000    0.00000    0.00000    0.00000    0.00000    0.00000    0.00000    0.00000    0.00000    0.00000    0.00000    0.00000    0.00000    0.00000    0.00000    0.00000    0.00000    0.00000    0.00000    0.00000    0.00000    0.00000    0.00000    0.00000    0.00000    0.00000    0.00000    0.00000    0.00000    0.00000    0.00000    0.00000
   0.00000   -0.00000    0.00000    0.00000   -0.00000   -0.00000   -0.00000    0.00000   -0.00000   -0.00000   -0.00000   -0.00000   -0.00000   -0.00000    0.00000    0.00000    0.00000   -0.00000   -0.00000   -0.00000   -0.00000   -0.00001   -0.00001   -0.00001   -0.00001   -0.00001   -0.00001   -0.00001   -0.00002   -0.00002   -0.00002   -0.00002   -0.00002   -0.00002   -0.00002   -0.00002   -0.00002   -0.00002   -0.00002   -0.00002   -0.00002   -0.00002   -0.00002   -0.00002   -0.00002   -0.00002   -0.00002   -0.00002   -0.00002   -0.00001   -0.00001   -0.00001
   0.00000    0.00000    0.00000   -0.00000    0.00000    0.00000    0.00000    0.00000    0.00000    0.00000    0.00000    0.00001    0.00001    0.00001    0.00002    0.00002    0.00003    0.00005    0.00007    0.00011    0.00015    0.00022    0.00034    0.00051    0.00077    0.00104    0.00124    0.00132    0.00134    0.00138    0.00138    0.00137    0.00134    0.00129    0.00124    0.00118    0.00111    0.00105    0.00098    0.00092    0.00086    0.00081    0.00075    0.00070    0.00066    0.00061    0.00057    0.00053    0.00049    0.00045    0.00042    0.00040
   0.90551    0.11084    0.00774    0.00070    0.00045    0.00056    0.00070    0.00090    0.00106    0.00126    0.00149    0.00182    0.00217    0.00257    0.00308    0.00367    0.00435    0.00517    0.00619    0.00746    0.00904    0.01105    0.01352    0.01641    0.01933    0.02142    0.02192    0.02106    0.02009    0.00540    0.00516    0.00493    0.00471    0.00451    0.00431    0.00412    0.00395    0.00378    0.00363    0.00348    0.00334    0.00321    0.00308    0.00297    0.00285    0.00275    0.00265    0.00255    0.00246    0.00837    0.00807    0.00779
   0.07132    0.01151    0.00151    0.00045    0.00139    0.00217    0.00299    0.00406    0.00514    0.00643    0.00797    0.00978    0.01189    0.01431    0.01723    0.02075    0.02511    0.03054    0.03739    0.04617    0.05767    0.07256    0.09163    0.11490    0.13981    0.16000    0.16776    0.16295    0.15532    0.15039    0.14336    0.13674    0.13049    0.12459    0.11901    0.11375    0.10877    0.10407    0.09963    0.09543    0.09146    0.08770    0.08414    0.08077    0.07758    0.07455    0.07168    0.06895    0.06636    0.06344    0.06114    0.05895
   0.00000   -0.00000   -0.00001   -0.00002   -0.00001   -0.00000   -0.00000    0.00001    0.00004    0.00010    0.00014    0.00020    0.00028    0.00040    0.00055    0.00076    0.00105    0.00146    0.00202    0.00281    0.00391    0.00541    0.00742    0.01008    0.01328    0.01639    0.01850    0.01935    0.01983    0.02059    0.02100    0.02138    0.02174    0.02207    0.02237    0.02265    0.02291    0.02315    0.02338    0.02358    0.02377    0.02395    0.02411    0.02425    0.02439    0.02451    0.02463    0.02473    0.02483    0.02474    0.02482    0.02490
   0.00000    0.79204    0.94303    0.97942    0.97743    0.97415    0.96964    0.96530    0.96058    0.95500    0.94826    0.94038    0.93101    0.92006    0.90678    0.89050    0.87025    0.84427    0.81051    0.76652    0.70804    0.62966    0.52559    0.39280    0.24091    0.10128    0.01838    0.00101    0.00107    0.00112    0.00115    0.00116    0.00116    0.00116    0.00115    0.00113    0.00111    0.00109    0.00107    0.00104    0.00102    0.00099    0.00096    0.00094    0.00091    0.00089    0.00086    0.00083    0.00081    0.00077    0.00075    0.00073
