   0.00335    0.00296    0.00264    0.00222    0.00178    0.00139    0.00106    0.00082    0.00063    0.00049    0.00039    0.00032    0.00026    0.00021    0.00018    0.00015    0.00013    0.00011    0.00010    0.00009    0.00008    0.00007    0.00007    0.00006    0.00006    0.00005    0.00005    0.00005    0.00005    0.00005    0.00005    0.00005    0.00005    0.00004    0.00004    0.00004    0.00005    0.00005    0.00005    0.00005    0.00005    0.00005    0.00005    0.00005    0.00005    0.00005    0.00005    0.00005    0.00005    0.00005    0.00005    0.00005
   0.00000    0.00557    0.01672    0.02810    0.03669    0.04160    0.04327    0.04270    0.04080    0.03822    0.03535    0.03242    0.02957    0.02687    0.02437    0.02206    0.01996    0.01807    0.01640    0.01492    0.01361    0.01246    0.01145    0.01056    0.00979    0.00911    0.00853    0.00802    0.00756    0.00716    0.00681    0.00652    0.00628    0.00607    0.00589    0.00573    0.00561    0.00550    0.00541    0.00535    0.00530    0.00526    0.00524    0.00523    0.00523    0.00524    0.00527    0.00530    0.00534    0.00539    0.00539    0.00536
   0.00000    0.00488    0.01636    0.03051    0.04404    0.05507    0.06308    0.06851    0.07203    0.07419    0.07544    0.07604    0.07621    0.07607    0.07571    0.07521    0.07461    0.07394    0.07331    0.07270    0.07210    0.07152    0.07097    0.07045    0.06998    0.06954    0.06915    0.06879    0.06844    0.06809    0.06720    0.06603    0.06481    0.06358    0.06236    0.06116    0.05998    0.05882    0.05769    0.05657    0.05547    0.05440    0.05335    0.05232    0.05132    0.05034    0.04938    0.04845    0.04755    0.04667    0.04620    0.04592
   0.00000    0.00024    0.00108    0.00205    0.00278    0.00319    0.00336    0.00337    0.00329    0.00318    0.00304    0.00291    0.00278    0.00266    0.00254    0.00244    0.00234    0.00224    0.00216    0.00209    0.00203    0.00198    0.00193    0.00189    0.00185    0.00182    0.00179    0.00177    0.00175    0.00173    0.00170    0.00167    0.00164    0.00162    0.00159    0.00157    0.00154    0.00152    0.00150    0.00148    0.00146    0.00144    0.00142    0.00140    0.00139    0.00137    0.00135    0.00134    0.00132    0.00131    0.00130    0.00130
   0.00000    0.00085    0.00320    0.00659    0.01048    0.01438    0.01803    0.02139    0.02451    0.02744    0.03024    0.03295    0.03560    0.03818    0.04072    0.04321    0.04566    0.04806    0.05046    0.05284    0.05518    0.05749    0.05977    0.06201    0.06421    0.06638    0.06851    0.07060    0.07265    0.07466    0.07572    0.07620    0.07645    0.07657    0.07658    0.07649    0.07632    0.07606    0.07572    0.07530    0.07482    0.07427    0.07367    0.07301    0.07230    0.07156    0.07078    0.06997    0.06914    0.06829    0.06845    0.06913
   0.00000    0.00000    0.00000    0.00001    0.00005    0.00012    0.00023    0.00039    0.00060    0.00087    0.00120    0.00161    0.00209    0.00265    0.00330    0.00404    0.00487    0.00580    0.00683    0.00796    0.00919    0.01053    0.01196    0.01349    0.01512    0.01684    0.01866    0.02058    0.02259    0.02471    0.02649    0.02804    0.02953    0.03098    0.03241    0.03380    0.03516    0.03649    0.03777    0.03901    0.04020    0.04134    0.04244    0.04349    0.04449    0.04544    0.04634    0.04721    0.04803    0.04882    0.05063    0.05304
   0.00000    0.00000    0.00001    0.00007    0.00023    0.00049    0.00083    0.00122    0.00164    0.00208    0.00253    0.00298    0.00342    0.00384    0.00425    0.00463    0.00499    0.00532    0.00562    0.00590    0.00615    0.00635    0.00651    0.00663    0.00671    0.00674    0.00673    0.00670    0.00665    0.00660    0.00631    0.00591    0.00550    0.00511    0.00474    0.00440    0.00410    0.00383    0.00360    0.00341    0.00327    0.00318    0.00315    0.00317    0.00326    0.00341    0.00363    0.00392    0.00428    0.00472    0.00494    0.00502
   0.00000    0.00000    0.00000    0.00000    0.00000    0.00000    0.00000    0.00000    0.00000    0.00000    0.00001    0.00001    0.00001    0.00002    0.00002    0.00003    0.00003    0.00004    0.00005    0.00005    0.00006    0.00007    0.00007    0.00008    0.00008    0.00009    0.00009    0.00009    0.00009    0.00009    0.00008    0.00007    0.00006    0.00005    0.00005    0.00005    0.00006    0.00007    0.00009    0.00011    0.00015    0.00020    0.00026    0.00033    0.00042    0.00052    0.00064    0.00078    0.00094    0.00113    0.00122    0.00125
   0.00000    0.00002    0.00008    0.00012    0.00014    0.00014    0.00013    0.00011    0.00009    0.00008    0.00007    0.00006    0.00005    0.00004    0.00004    0.00003    0.00003    0.00003    0.00003    0.00002    0.00002    0.00002    0.00002    0.00002    0.00002    0.00002    0.00002    0.00002    0.00002    0.00002    0.00002    0.00002    0.00002    0.00002    0.00002    0.00002    0.00002    0.00002    0.00002    0.00002    0.00002    0.00002    0.00002    0.00002    0.00002    0.00002    0.00002    0.00002    0.00002    0.00002    0.00002    0.00002
   0.00000    0.00000    0.00000    0.00000    0.00000    0.00001    0.00001    0.00001    0.00001    0.00001    0.00001    0.00001    0.00001    0.00001    0.00001    0.00001    0.00001    0.00001    0.00001    0.00001    0.00001    0.00001    0.00001    0.00001    0.00001    0.00001    0.00001    0.00001    0.00001    0.00001    0.00001    0.00001    0.00002    0.00002    0.00002    0.00002    0.00002    0.00002    0.00002    0.00002    0.00002    0.00002    0.00002    0.00002    0.00002    0.00002    0.00002    0.00002    0.00002    0.00002    0.00002    0.00002
   0.00000    0.00024    0.00107    0.00203    0.00276    0.00317    0.00334    0.00334    0.00327    0.00315    0.00302    0.00288    0.00275    0.00263    0.00251    0.00240    0.00230    0.00221    0.00213    0.00206    0.00200    0.00194    0.00189    0.00185    0.00181    0.00178    0.00176    0.00173    0.00171    0.00169    0.00167    0.00164    0.00161    0.00158    0.00155    0.00153    0.00151    0.00148    0.00146    0.00144    0.00142    0.00140    0.00138    0.00137    0.00135    0.00133    0.00131    0.00130    0.00128    0.00127    0.00126    0.00126
   0.00000    0.03131    0.03014    0.02200    0.01506    0.01023    0.00703    0.00494    0.00356    0.00264    0.00201    0.00157    0.00125    0.00102    0.00085    0.00071    0.00061    0.00054    0.00047    0.00043    0.00039    0.00036    0.00034    0.00032    0.00031    0.00029    0.00029    0.00028    0.00027    0.00027    0.00027    0.00027    0.00027    0.00027    0.00027    0.00027    0.00027    0.00027    0.00028    0.00028    0.00028    0.00028    0.00028    0.00029    0.00029    0.00029    0.00029    0.00030    0.00030    0.00030    0.00030    0.00030
   0.00000    0.00022    0.00094    0.00168    0.00216    0.00234    0.00230    0.00214    0.00194    0.00174    0.00154    0.00137    0.00121    0.00107    0.00095    0.00084    0.00075    0.00066    0.00059    0.00052    0.00046    0.00041    0.00036    0.00032    0.00028    0.00024    0.00021    0.00018    0.00015    0.00013    0.00011    0.00009    0.00008    0.00006    0.00005    0.00003    0.00003    0.00002    0.00002    0.00001    0.00001    0.00001    0.00001    0.00001    0.00001    0.00001    0.00001    0.00001    0.00001    0.00001    0.00001    0.00001
   0.00000    0.00000    0.00000    0.00000    0.00000    0.00000    0.00000    0.00000    0.00000    0.00000    0.00000    0.00000    0.00000    0.00000    0.00001    0.00001    0.00001    0.00001    0.00001    0.00001    0.00001    0.00001    0.00002    0.00002    0.00002    0.00002    0.00003    0.00003    0.00004    0.00004    0.00005    0.00005    0.00006    0.00007    0.00008    0.00009    0.00010    0.00011    0.00012    0.00013    0.00015    0.00016    0.00017    0.00019    0.00021    0.00022    0.00024    0.00026    0.00028    0.00030    0.00032    0.00033
   0.04263    0.22677    0.21708    0.18534    0.15776    0.13662    0.12063    0.10871    0.10001    0.09378    0.08945    0.08657    0.08484    0.08401    0.08392    0.08442    0.08543    0.08689    0.08920    0.09207    0.09525    0.09873    0.10249    0.10655    0.11090    0.11550    0.12031    0.12521    0.13005    0.13469    0.14039    0.14642    0.15218    0.15763    0.16281    0.16778    0.17258    0.17723    0.18177    0.18621    0.19057    0.19487    0.19911    0.20331    0.20747    0.21160    0.21570    0.21979    0.22387    0.22793    0.23047    0.23230
   0.00000    0.01907    0.02085    0.01670    0.01212    0.00846    0.00582    0.00399    0.00274    0.00190    0.00132    0.00092    0.00063    0.00043    0.00029    0.00019    0.00012    0.00007    0.00004    0.00003    0.00002    0.00002    0.00001    0.00001    0.00001    0.00001    0.00001    0.00001    0.00001    0.00000    0.00000    0.00000    0.00000    0.00000    0.00000    0.00000    0.00000    0.00000    0.00000    0.00000    0.00000    0.00000    0.00000    0.00000    0.00000    0.00000    0.00000    0.00000    0.00000    0.00000    0.00000    0.00000
   0.00000    0.00015    0.00073    0.00152    0.00226    0.00284    0.00324    0.00352    0.00370    0.00384    0.00395    0.00405    0.00414    0.00424    0.00435    0.00446    0.00459    0.00474    0.00471    0.00459    0.00445    0.00433    0.00422    0.00413    0.00406    0.00401    0.00398    0.00395    0.00393    0.00391    0.00390    0.00390    0.00390    0.00390    0.00391    0.00391    0.00392    0.00392    0.00393    0.00393    0.00394    0.00395    0.00396    0.00397    0.00398    0.00399    0.00400    0.00401    0.00403    0.00404    0.00405    0.00405
   0.00000    0.01555    0.02202    0.02286    0.02142    0.01920    0.01691    0.01485    0.01313    0.01173    0.01059    0.00966    0.00890    0.00826    0.00774    0.00729    0.00690    0.00656    0.00629    0.00606    0.00586    0.00568    0.00553    0.00540    0.00528    0.00518    0.00509    0.00502    0.00495    0.00488    0.00480    0.00471    0.00463    0.00455    0.00447    0.00440    0.00433    0.00427    0.00420    0.00414    0.00409    0.00403    0.00398    0.00393    0.00388    0.00384    0.00379    0.00375    0.00371    0.00367    0.00365    0.00363
   0.25335    0.18176    0.11707    0.07394    0.04682    0.03011    0.01979    0.01337    0.00930    0.00667    0.00492    0.00373    0.00290    0.00230    0.00187    0.00154    0.00130    0.00111    0.00097    0.00086    0.00078    0.00071    0.00065    0.00061    0.00058    0.00055    0.00052    0.00051    0.00049    0.00047    0.00046    0.00045    0.00045    0.00044    0.00043    0.00043    0.00042    0.00042    0.00041    0.00041    0.00040    0.00040    0.00039    0.00039    0.00039    0.00038    0.00038    0.00038    0.00038    0.00037    0.00037    0.00036
   0.33991    0.24690    0.19369    0.15328    0.12183    0.09764    0.07919    0.06532    0.05493    0.04710    0.04113    0.03650    0.03285    0.02993    0.02756    0.02562    0.02400    0.02265    0.02151    0.02053    0.01970    0.01899    0.01838    0.01787    0.01744    0.01707    0.01677    0.01651    0.01627    0.01606    0.01580    0.01554    0.01528    0.01504    0.01482    0.01460    0.01440    0.01421    0.01402    0.01384    0.01368    0.01351    0.01336    0.01321    0.01307    0.01293    0.01280    0.01268    0.01256    0.01245    0.01238    0.01232
   0.36740    0.28776    0.38729    0.48601    0.55603    0.59498    0.61014    0.61114    0.60517    0.59636    0.58686    0.57769    0.56924    0.56165    0.55494    0.54905    0.54390    0.53941    0.53449    0.52957    0.52500    0.52086    0.51717    0.51392    0.51110    0.50870    0.50668    0.50493    0.50334    0.50179    0.49715    0.49094    0.48450    0.47810    0.47183    0.46570    0.45970    0.45384    0.44810    0.44249    0.43700    0.43163    0.42639    0.42128    0.41630    0.41146    0.40676    0.40222    0.39782    0.39359    0.39149    0.39045
   0.00000    0.00000    0.00000    0.00000    0.00000    0.00000    0.00000    0.00000    0.00000    0.00000    0.00000    0.00000    0.00000    0.00000    0.00000    0.00000    0.00000    0.00000    0.00000    0.00000    0.00000    0.00000    0.00000    0.00000    0.00000    0.00000    0.00000    0.00000    0.00000    0.00000    0.00000    0.00000    0.00000    0.00000    0.00000    0.00000    0.00000    0.00000    0.00000    0.00000    0.00000    0.00000    0.00000    0.00000    0.00000    0.00000    0.00000    0.00000    0.00000    0.00000    0.00000    0.00000
   0.00000    0.00000    0.00000    0.00000    0.00000    0.00000    0.00000    0.00000    0.00000    0.00000    0.00000    0.00000    0.00000    0.00000    0.00000    0.00000    0.00000    0.00000    0.00000    0.00000    0.00000    0.00000    0.00000    0.00000    0.00000    0.00000    0.00000    0.00000    0.00000    0.00000    0.00000    0.00000    0.00000    0.00000    0.00000    0.00000    0.00000    0.00000    0.00000    0.00000    0.00000    0.00000    0.00000    0.00000    0.00000    0.00000    0.00000    0.00000    0.00000    0.00000    0.00000    0.00000
   0.00000    0.00000    0.00000    0.00000    0.00000    0.00000    0.00000    0.00000    0.00000    0.00000    0.00000    0.00000    0.00000    0.00000    0.00000    0.00000    0.00000    0.00000    0.00000    0.00000    0.00000    0.00000    0.00000    0.00000    0.00000    0.00000    0.00000    0.00000    0.00000    0.00000    0.00000    0.00000    0.00000    0.00000    0.00000    0.00000    0.00000    0.00000    0.00000    0.00000    0.00000    0.00000    0.00000    0.00000    0.00000    0.00000    0.00000    0.00000    0.00000    0.00000    0.00000    0.00000
   0.00000    0.00000    0.00003    0.00063    0.00609    0.02533    0.05838    0.09860    0.14030    0.18030    0.21719    0.25052    0.28030    0.30674    0.33010    0.35062    0.36852    0.38400    0.39798    0.41030    0.42069    0.42909    0.43552    0.44003    0.44267    0.44360    0.44307    0.44145    0.43930    0.43706    0.44036    0.44697    0.45468    0.46288    0.47134    0.47995    0.48866    0.49742    0.50619    0.51496    0.52368    0.53233    0.54088    0.54929    0.55754    0.56559    0.57343    0.58102    0.58834    0.59538    0.59849    0.59942
