   0.00329    0.00289    0.00256    0.00212    0.00166    0.00126    0.00094    0.00070    0.00053    0.00040    0.00031    0.00024    0.00019    0.00015    0.00012    0.00010    0.00008    0.00007    0.00006    0.00006    0.00005    0.00005    0.00004    0.00004    0.00004    0.00004    0.00003    0.00003    0.00003    0.00003    0.00003    0.00003    0.00003    0.00003    0.00003    0.00003    0.00003    0.00003    0.00003    0.00003    0.00003    0.00003    0.00003    0.00003    0.00003    0.00003    0.00003    0.00003    0.00003    0.00003    0.00003    0.00003
   0.00000    0.00506    0.01498    0.02474    0.03163    0.03493    0.03521    0.03352    0.03081    0.02771    0.02459    0.02164    0.01896    0.01656    0.01447    0.01264    0.01108    0.00973    0.00860    0.00764    0.00682    0.00613    0.00554    0.00503    0.00461    0.00425    0.00394    0.00367    0.00344    0.00323    0.00304    0.00287    0.00272    0.00259    0.00247    0.00237    0.00229    0.00221    0.00215    0.00209    0.00204    0.00200    0.00196    0.00193    0.00190    0.00188    0.00186    0.00185    0.00184    0.00183    0.00181    0.00178
   0.00000    0.00436    0.01454    0.02685    0.03822    0.04695    0.05258    0.05560    0.05673    0.05659    0.05566    0.05424    0.05256    0.05075    0.04891    0.04709    0.04536    0.04372    0.04223    0.04089    0.03969    0.03862    0.03768    0.03687    0.03619    0.03561    0.03513    0.03472    0.03434    0.03396    0.03311    0.03200    0.03084    0.02967    0.02851    0.02737    0.02625    0.02516    0.02408    0.02304    0.02202    0.02102    0.02006    0.01913    0.01823    0.01736    0.01652    0.01572    0.01496    0.01423    0.01384    0.01361
   0.00000    0.00022    0.00099    0.00182    0.00240    0.00267    0.00271    0.00260    0.00242    0.00223    0.00204    0.00186    0.00171    0.00157    0.00144    0.00133    0.00123    0.00114    0.00107    0.00100    0.00095    0.00090    0.00086    0.00083    0.00080    0.00078    0.00076    0.00074    0.00073    0.00072    0.00069    0.00067    0.00064    0.00062    0.00059    0.00057    0.00055    0.00052    0.00050    0.00048    0.00046    0.00044    0.00042    0.00040    0.00038    0.00036    0.00035    0.00033    0.00032    0.00030    0.00030    0.00029
   0.00000    0.00088    0.00318    0.00641    0.00997    0.01336    0.01630    0.01874    0.02074    0.02239    0.02379    0.02497    0.02599    0.02688    0.02767    0.02840    0.02907    0.02972    0.03037    0.03102    0.03169    0.03237    0.03307    0.03380    0.03458    0.03541    0.03628    0.03717    0.03807    0.03894    0.03903    0.03864    0.03805    0.03735    0.03657    0.03572    0.03481    0.03384    0.03283    0.03178    0.03069    0.02958    0.02846    0.02732    0.02618    0.02505    0.02393    0.02283    0.02175    0.02070    0.02037    0.02041
   0.00000    0.00000    0.00000    0.00002    0.00005    0.00012    0.00022    0.00035    0.00052    0.00073    0.00096    0.00123    0.00154    0.00188    0.00225    0.00265    0.00309    0.00356    0.00407    0.00461    0.00520    0.00583    0.00650    0.00723    0.00800    0.00883    0.00972    0.01068    0.01168    0.01273    0.01350    0.01407    0.01456    0.01499    0.01536    0.01569    0.01597    0.01619    0.01636    0.01647    0.01653    0.01654    0.01650    0.01641    0.01628    0.01611    0.01590    0.01566    0.01540    0.01511    0.01548    0.01620
   0.00000    0.00000    0.00001    0.00006    0.00019    0.00038    0.00062    0.00086    0.00110    0.00133    0.00154    0.00173    0.00190    0.00205    0.00217    0.00228    0.00236    0.00242    0.00247    0.00251    0.00254    0.00255    0.00255    0.00254    0.00252    0.00250    0.00247    0.00245    0.00243    0.00241    0.00222    0.00195    0.00167    0.00141    0.00115    0.00092    0.00071    0.00053    0.00037    0.00024    0.00014    0.00008    0.00005    0.00006    0.00011    0.00020    0.00032    0.00049    0.00069    0.00093    0.00104    0.00108
   0.00000    0.00000    0.00000    0.00000    0.00000    0.00000    0.00000    0.00000    0.00000    0.00000    0.00001    0.00001    0.00001    0.00001    0.00001    0.00001    0.00002    0.00002    0.00002    0.00002    0.00003    0.00003    0.00003    0.00003    0.00003    0.00003    0.00003    0.00003    0.00003    0.00003    0.00003    0.00002    0.00001    0.00001    0.00000    0.00000    0.00000    0.00001    0.00002    0.00003    0.00005    0.00008    0.00011    0.00014    0.00019    0.00024    0.00031    0.00038    0.00046    0.00055    0.00059    0.00060
   0.00000    0.00002    0.00008    0.00012    0.00013    0.00012    0.00011    0.00009    0.00007    0.00006    0.00005    0.00004    0.00003    0.00003    0.00003    0.00002    0.00002    0.00002    0.00002    0.00002    0.00002    0.00002    0.00002    0.00002    0.00002    0.00002    0.00002    0.00002    0.00002    0.00001    0.00001    0.00002    0.00002    0.00002    0.00002    0.00002    0.00002    0.00002    0.00002    0.00002    0.00002    0.00002    0.00002    0.00002    0.00002    0.00002    0.00002    0.00002    0.00002    0.00002    0.00002    0.00002
   0.00000    0.00000    0.00000    0.00000    0.00000    0.00001    0.00001    0.00001    0.00002    0.00002    0.00002    0.00002    0.00002    0.00002    0.00002    0.00002    0.00001    0.00001    0.00001    0.00001    0.00001    0.00001    0.00001    0.00001    0.00001    0.00001    0.00000    0.00000    0.00000    0.00000    0.00001    0.00001    0.00001    0.00001    0.00001    0.00001    0.00001    0.00001    0.00001    0.00001    0.00001    0.00001    0.00001    0.00001    0.00001    0.00001    0.00001    0.00001    0.00001    0.00001    0.00001    0.00001
   0.00000    0.00022    0.00097    0.00180    0.00238    0.00265    0.00269    0.00259    0.00244    0.00226    0.00208    0.00191    0.00175    0.00161    0.00148    0.00136    0.00126    0.00117    0.00110    0.00103    0.00098    0.00094    0.00090    0.00087    0.00084    0.00082    0.00081    0.00080    0.00078    0.00077    0.00075    0.00072    0.00070    0.00067    0.00064    0.00061    0.00059    0.00056    0.00054    0.00051    0.00049    0.00047    0.00045    0.00043    0.00041    0.00039    0.00037    0.00035    0.00034    0.00032    0.00031    0.00031
   0.00000    0.02883    0.02726    0.01945    0.01299    0.00861    0.00578    0.00397    0.00281    0.00204    0.00152    0.00117    0.00092    0.00074    0.00061    0.00051    0.00044    0.00038    0.00034    0.00030    0.00028    0.00026    0.00024    0.00023    0.00022    0.00021    0.00021    0.00020    0.00020    0.00019    0.00019    0.00019    0.00019    0.00019    0.00019    0.00019    0.00019    0.00019    0.00019    0.00019    0.00019    0.00019    0.00019    0.00018    0.00018    0.00018    0.00018    0.00018    0.00018    0.00017    0.00017    0.00017
   0.00000    0.00020    0.00085    0.00149    0.00187    0.00196    0.00187    0.00169    0.00147    0.00126    0.00106    0.00089    0.00075    0.00063    0.00053    0.00044    0.00037    0.00031    0.00026    0.00022    0.00019    0.00016    0.00014    0.00012    0.00010    0.00008    0.00007    0.00006    0.00005    0.00004    0.00003    0.00003    0.00002    0.00001    0.00001    0.00000    0.00000   -0.00000   -0.00000   -0.00000   -0.00000   -0.00000   -0.00000   -0.00000   -0.00000   -0.00000   -0.00000   -0.00000   -0.00000   -0.00000   -0.00000   -0.00000
   0.00000    0.00000   -0.00000    0.00000    0.00000    0.00000    0.00000    0.00000    0.00000    0.00000    0.00000    0.00000    0.00000    0.00000    0.00000    0.00000    0.00001    0.00001    0.00001    0.00001    0.00001    0.00001    0.00001    0.00001    0.00002    0.00002    0.00002    0.00002    0.00003    0.00003    0.00003    0.00004    0.00004    0.00005    0.00005    0.00006    0.00007    0.00007    0.00008    0.00009    0.00009    0.00010    0.00011    0.00012    0.00012    0.00013    0.00014    0.00015    0.00016    0.00017    0.00017    0.00018
   0.03956    0.21107    0.19900    0.16657    0.13874    0.11745    0.10128    0.08907    0.07987    0.07296    0.06774    0.06380    0.06083    0.05862    0.05702    0.05592    0.05524    0.05493    0.05525    0.05597    0.05694    0.05813    0.05954    0.06115    0.06298    0.06499    0.06715    0.06940    0.07164    0.07377    0.07647    0.07929    0.08187    0.08421    0.08634    0.08830    0.09009    0.09176    0.09331    0.09475    0.09611    0.09737    0.09855    0.09966    0.10071    0.10168    0.10261    0.10347    0.10429    0.10507    0.10530    0.10535
   0.00000    0.01758    0.01888    0.01478    0.01046    0.00711    0.00475    0.00316    0.00211    0.00141    0.00095    0.00064    0.00042    0.00028    0.00018    0.00011    0.00007    0.00004    0.00002    0.00001    0.00001    0.00001    0.00001    0.00000    0.00000    0.00000    0.00000    0.00000    0.00000    0.00000    0.00000    0.00000    0.00000    0.00000    0.00000    0.00000    0.00000    0.00000    0.00000    0.00000    0.00000    0.00000    0.00000    0.00000    0.00000    0.00000    0.00000    0.00000    0.00000    0.00000    0.00000    0.00000
   0.00000    0.00012    0.00062    0.00127    0.00185    0.00226    0.00252    0.00266    0.00273    0.00276    0.00277    0.00277    0.00276    0.00277    0.00278    0.00280    0.00283    0.00287    0.00281    0.00270    0.00259    0.00249    0.00240    0.00233    0.00228    0.00224    0.00221    0.00218    0.00216    0.00214    0.00213    0.00212    0.00211    0.00209    0.00208    0.00207    0.00206    0.00205    0.00203    0.00202    0.00201    0.00199    0.00198    0.00196    0.00194    0.00193    0.00191    0.00189    0.00188    0.00186    0.00184    0.00183
   0.00000    0.01436    0.02000    0.02030    0.01854    0.01615    0.01377    0.01168    0.00995    0.00855    0.00742    0.00651    0.00577    0.00517    0.00467    0.00425    0.00390    0.00360    0.00336    0.00316    0.00299    0.00285    0.00273    0.00263    0.00254    0.00247    0.00241    0.00236    0.00232    0.00228    0.00222    0.00216    0.00209    0.00203    0.00197    0.00191    0.00185    0.00179    0.00174    0.00169    0.00164    0.00159    0.00154    0.00149    0.00145    0.00141    0.00137    0.00133    0.00129    0.00126    0.00124    0.00122
   0.25326    0.18139    0.11669    0.07358    0.04650    0.02982    0.01953    0.01313    0.00910    0.00649    0.00476    0.00359    0.00277    0.00219    0.00177    0.00145    0.00122    0.00104    0.00090    0.00080    0.00072    0.00066    0.00061    0.00057    0.00053    0.00051    0.00049    0.00047    0.00045    0.00044    0.00043    0.00042    0.00041    0.00040    0.00039    0.00039    0.00038    0.00037    0.00037    0.00036    0.00036    0.00035    0.00035    0.00034    0.00034    0.00033    0.00033    0.00032    0.00032    0.00031    0.00031    0.00030
   0.33625    0.24206    0.18798    0.14698    0.11516    0.09076    0.07220    0.05826    0.04782    0.03995    0.03394    0.02929    0.02564    0.02273    0.02037    0.01844    0.01686    0.01554    0.01444    0.01353    0.01277    0.01214    0.01161    0.01118    0.01082    0.01053    0.01030    0.01010    0.00993    0.00977    0.00956    0.00932    0.00909    0.00886    0.00863    0.00842    0.00820    0.00800    0.00780    0.00761    0.00742    0.00724    0.00706    0.00688    0.00672    0.00656    0.00640    0.00625    0.00610    0.00596    0.00587    0.00581
   0.36153    0.26759    0.36177    0.45714    0.52364    0.55743    0.56529    0.55725    0.54109    0.52150    0.50107    0.48107    0.46214    0.44452    0.42830    0.41347    0.40001    0.38789    0.37600    0.36479    0.35466    0.34568    0.33785    0.33116    0.32554    0.32092    0.31713    0.31396    0.31114    0.30843    0.30214    0.29400    0.28557    0.27721    0.26902    0.26103    0.25324    0.24567    0.23830    0.23113    0.22418    0.21743    0.21089    0.20456    0.19845    0.19256    0.18688    0.18143    0.17620    0.17118    0.16832    0.16657
   0.00000   -0.00000   -0.00000    0.00000    0.00000    0.00000    0.00000    0.00000    0.00000    0.00000    0.00000   -0.00000   -0.00000   -0.00000   -0.00000   -0.00000    0.00000    0.00000    0.00000    0.00000    0.00000    0.00000    0.00000    0.00000    0.00000    0.00000    0.00000    0.00000    0.00000    0.00000    0.00000    0.00000    0.00000    0.00000    0.00000    0.00000    0.00000    0.00000    0.00000    0.00000    0.00000    0.00000    0.00000    0.00000    0.00000    0.00000    0.00000    0.00000    0.00000    0.00000    0.00000    0.00000
   0.00000   -0.00000    0.00000   -0.00000   -0.00000   -0.00000   -0.00000   -0.00000   -0.00000    0.00000    0.00000    0.00000    0.00000    0.00000    0.00000    0.00000    0.00000    0.00000    0.00000    0.00000    0.00000    0.00000    0.00000    0.00000    0.00000   -0.00000   -0.00000   -0.00000   -0.00000   -0.00000   -0.00000   -0.00000   -0.00000   -0.00000   -0.00000   -0.00000   -0.00000   -0.00000   -0.00000   -0.00000   -0.00000   -0.00000   -0.00000   -0.00000   -0.00000   -0.00000   -0.00000   -0.00000   -0.00000   -0.00000   -0.00000    0.00000
   0.00000    0.00000   -0.00000   -0.00000    0.00000    0.00000    0.00000   -0.00000   -0.00000    0.00000    0.00000    0.00000    0.00000    0.00000    0.00000   -0.00000   -0.00000   -0.00000   -0.00000   -0.00000   -0.00000   -0.00000   -0.00000   -0.00000   -0.00000   -0.00000   -0.00000   -0.00000   -0.00000   -0.00000   -0.00000   -0.00000   -0.00000   -0.00000   -0.00000   -0.00000   -0.00000   -0.00000   -0.00000   -0.00000   -0.00000   -0.00000   -0.00000   -0.00000   -0.00000   -0.00000   -0.00000   -0.00000   -0.00000   -0.00000   -0.00000   -0.00000
   0.00000    0.00000    0.00003    0.00055    0.00526    0.02148    0.04847    0.08014    0.11160    0.14037    0.16555    0.18712    0.20536    0.22065    0.23335    0.24378    0.25222    0.25892    0.26471    0.26950    0.27313    0.27559    0.27692    0.27718    0.27645    0.27485    0.27250    0.26963    0.26653    0.26344    0.26401    0.26667    0.26995    0.27348    0.27711    0.28078    0.28447    0.28814    0.29180    0.29541    0.29898    0.30248    0.30591    0.30923    0.31245    0.31555    0.31850    0.32131    0.32394    0.32640    0.32627    0.32475
