   0.00000    0.00006    0.00026    0.00056    0.00083    0.00094    0.00087    0.00071    0.00055    0.00043    0.00033    0.00026    0.00021    0.00017    0.00015    0.00012    0.00011    0.00009    0.00009    0.00008    0.00007    0.00007    0.00006    0.00006    0.00006    0.00006    0.00006    0.00005    0.00005    0.00005    0.00005    0.00005    0.00005    0.00005    0.00005    0.00005    0.00005    0.00005    0.00005    0.00005    0.00005    0.00005    0.00005    0.00005    0.00005    0.00005    0.00005    0.00005    0.00005    0.00005    0.00005    0.00005
   0.00000    0.00000    0.00009    0.00084    0.00288    0.00575    0.00808    0.00917    0.00928    0.00887    0.00824    0.00754    0.00686    0.00624    0.00568    0.00519    0.00477    0.00440    0.00409    0.00383    0.00361    0.00344    0.00329    0.00317    0.00308    0.00301    0.00296    0.00292    0.00288    0.00285    0.00279    0.00272    0.00265    0.00259    0.00253    0.00248    0.00243    0.00239    0.00235    0.00231    0.00228    0.00224    0.00221    0.00218    0.00215    0.00213    0.00210    0.00207    0.00205    0.00202    0.00201    0.00200
   0.00000    0.00000    0.00008    0.00078    0.00289    0.00622    0.00941    0.01149    0.01249    0.01280    0.01271    0.01241    0.01202    0.01158    0.01113    0.01069    0.01028    0.00990    0.00954    0.00923    0.00895    0.00870    0.00849    0.00831    0.00817    0.00804    0.00794    0.00785    0.00778    0.00771    0.00722    0.00654    0.00584    0.00517    0.00453    0.00394    0.00340    0.00289    0.00242    0.00200    0.00161    0.00127    0.00096    0.00069    0.00047    0.00028    0.00013    0.00002   -0.00006   -0.00009   -0.00010   -0.00009
   0.00000    0.00073    0.00329    0.00717    0.01102    0.01316    0.01293    0.01132    0.00945    0.00783    0.00654    0.00554    0.00477    0.00417    0.00370    0.00332    0.00302    0.00277    0.00257    0.00241    0.00228    0.00217    0.00209    0.00202    0.00196    0.00192    0.00189    0.00186    0.00184    0.00182    0.00175    0.00165    0.00155    0.00146    0.00137    0.00128    0.00120    0.00112    0.00104    0.00097    0.00090    0.00083    0.00076    0.00070    0.00064    0.00058    0.00052    0.00046    0.00041    0.00036    0.00034    0.00033
   0.00000    0.00000    0.00002    0.00016    0.00063    0.00145    0.00234    0.00305    0.00352    0.00383    0.00402    0.00414    0.00421    0.00424    0.00426    0.00425    0.00424    0.00421    0.00418    0.00414    0.00410    0.00406    0.00402    0.00398    0.00395    0.00391    0.00388    0.00385    0.00382    0.00379    0.00340    0.00285    0.00230    0.00178    0.00133    0.00093    0.00060    0.00034    0.00015    0.00004    0.00000    0.00005    0.00018    0.00039    0.00070    0.00110    0.00159    0.00218    0.00286    0.00364    0.00402    0.00415
   0.00000    0.00000    0.00000   -0.00000    0.00000    0.00000    0.00001    0.00002    0.00003    0.00005    0.00006    0.00008    0.00010    0.00011    0.00013    0.00015    0.00017    0.00019    0.00020    0.00021    0.00023    0.00024    0.00025    0.00025    0.00026    0.00026    0.00026    0.00026    0.00026    0.00026    0.00020    0.00012    0.00005    0.00001    0.00001    0.00004    0.00011    0.00022    0.00039    0.00062    0.00091    0.00126    0.00169    0.00220    0.00278    0.00346    0.00423    0.00509    0.00605    0.00711    0.00760    0.00775
   0.00000    0.00000    0.00002    0.00024    0.00089    0.00196    0.00304    0.00383    0.00433    0.00463    0.00481    0.00493    0.00500    0.00504    0.00506    0.00506    0.00505    0.00503    0.00500    0.00498    0.00494    0.00491    0.00487    0.00483    0.00478    0.00474    0.00469    0.00465    0.00462    0.00458    0.00407    0.00335    0.00264    0.00198    0.00141    0.00092    0.00054    0.00026    0.00010    0.00006    0.00015    0.00038    0.00075    0.00127    0.00195    0.00279    0.00380    0.00498    0.00633    0.00785    0.00857    0.00881
   0.00000    0.00000    0.00000    0.00000    0.00000    0.00000    0.00000    0.00000    0.00001    0.00001    0.00001    0.00001    0.00002    0.00002    0.00002    0.00003    0.00003    0.00003    0.00003    0.00004    0.00004    0.00004    0.00004    0.00004    0.00004    0.00005    0.00005    0.00005    0.00005    0.00005    0.00003    0.00002    0.00001   -0.00000    0.00000    0.00001    0.00003    0.00007    0.00011    0.00017    0.00025    0.00035    0.00047    0.00062    0.00078    0.00098    0.00120    0.00146    0.00175    0.00207    0.00222    0.00227
   0.00000    0.00006    0.00024    0.00043    0.00057    0.00058    0.00051    0.00040    0.00030    0.00023    0.00017    0.00014    0.00011    0.00009    0.00008    0.00007    0.00006    0.00006    0.00005    0.00005    0.00005    0.00005    0.00004    0.00004    0.00004    0.00004    0.00004    0.00004    0.00004    0.00004    0.00004    0.00004    0.00004    0.00004    0.00004    0.00004    0.00004    0.00004    0.00004    0.00004    0.00004    0.00004    0.00004    0.00004    0.00004    0.00004    0.00004    0.00004    0.00004    0.00004    0.00004    0.00004
   0.00000    0.00000    0.00000    0.00000    0.00001    0.00002    0.00003    0.00004    0.00004    0.00003    0.00003    0.00003    0.00003    0.00003    0.00003    0.00003    0.00003    0.00003    0.00003    0.00003    0.00003    0.00003    0.00003    0.00003    0.00003    0.00003    0.00003    0.00003    0.00003    0.00003    0.00003    0.00003    0.00003    0.00004    0.00004    0.00004    0.00004    0.00004    0.00004    0.00004    0.00004    0.00004    0.00004    0.00004    0.00004    0.00004    0.00004    0.00004    0.00004    0.00004    0.00004    0.00004
   0.00000    0.00073    0.00329    0.00715    0.01099    0.01311    0.01286    0.01127    0.00943    0.00783    0.00655    0.00555    0.00478    0.00417    0.00369    0.00331    0.00300    0.00275    0.00254    0.00238    0.00224    0.00213    0.00205    0.00197    0.00192    0.00187    0.00184    0.00181    0.00179    0.00177    0.00170    0.00160    0.00150    0.00141    0.00131    0.00123    0.00114    0.00106    0.00098    0.00090    0.00083    0.00076    0.00069    0.00063    0.00056    0.00050    0.00044    0.00039    0.00033    0.00028    0.00026    0.00025
   0.00000    0.09645    0.09214    0.07707    0.06001    0.04275    0.02796    0.01767    0.01131    0.00750    0.00520    0.00377    0.00284    0.00221    0.00178    0.00148    0.00125    0.00109    0.00096    0.00086    0.00079    0.00073    0.00069    0.00065    0.00063    0.00060    0.00059    0.00057    0.00056    0.00055    0.00055    0.00054    0.00053    0.00053    0.00053    0.00052    0.00052    0.00052    0.00051    0.00051    0.00051    0.00051    0.00051    0.00050    0.00050    0.00050    0.00050    0.00050    0.00050    0.00049    0.00049    0.00049
   0.00000    0.00064    0.00282    0.00587    0.00858    0.00973    0.00905    0.00748    0.00586    0.00452    0.00350    0.00273    0.00215    0.00172    0.00139    0.00113    0.00092    0.00076    0.00064    0.00053    0.00045    0.00038    0.00032    0.00027    0.00023    0.00020    0.00017    0.00015    0.00013    0.00011    0.00009    0.00007    0.00006    0.00004    0.00002    0.00001    0.00000    0.00000   -0.00000   -0.00000   -0.00000   -0.00000    0.00000    0.00000    0.00000    0.00001    0.00001    0.00001    0.00001    0.00001    0.00001    0.00001
   0.00000    0.00000   -0.00000    0.00000    0.00000    0.00000    0.00000    0.00001    0.00001    0.00001    0.00001    0.00001    0.00001    0.00001    0.00001    0.00001    0.00001    0.00002    0.00002    0.00002    0.00002    0.00003    0.00003    0.00003    0.00004    0.00004    0.00005    0.00006    0.00006    0.00007    0.00008    0.00009    0.00010    0.00011    0.00012    0.00013    0.00014    0.00015    0.00016    0.00018    0.00019    0.00020    0.00021    0.00023    0.00024    0.00025    0.00026    0.00027    0.00028    0.00029    0.00030    0.00032
   0.99950    0.79283    0.76319    0.75236    0.73278    0.66881    0.56360    0.45646    0.37045    0.30776    0.26336    0.23194    0.20955    0.19351    0.18204    0.17397    0.16851    0.16510    0.16386    0.16410    0.16540    0.16764    0.17074    0.17463    0.17923    0.18445    0.19015    0.19615    0.20219    0.20807    0.21321    0.21719    0.22000    0.22190    0.22306    0.22362    0.22367    0.22326    0.22245    0.22127    0.21975    0.21791    0.21577    0.21334    0.21065    0.20769    0.20448    0.20102    0.19732    0.19338    0.19120    0.19033
   0.00000    0.05890    0.06397    0.05877    0.04853    0.03548    0.02313    0.01416    0.00856    0.00523    0.00326    0.00206    0.00132    0.00084    0.00054    0.00033    0.00020    0.00011    0.00007    0.00005    0.00003    0.00002    0.00002    0.00002    0.00001    0.00001    0.00001    0.00001    0.00001    0.00001    0.00000    0.00000    0.00000    0.00000    0.00000    0.00000    0.00000    0.00000    0.00000    0.00000    0.00000    0.00000    0.00000    0.00000    0.00000    0.00000    0.00000    0.00000    0.00000    0.00000    0.00000    0.00000
   0.00000    0.00045    0.00225    0.00537    0.00908    0.01196    0.01299    0.01262    0.01172    0.01077    0.00998    0.00936    0.00891    0.00860    0.00842    0.00833    0.00833    0.00841    0.00821    0.00789    0.00758    0.00732    0.00711    0.00695    0.00682    0.00673    0.00667    0.00663    0.00660    0.00657    0.00647    0.00635    0.00623    0.00611    0.00600    0.00588    0.00577    0.00566    0.00555    0.00545    0.00534    0.00524    0.00513    0.00503    0.00492    0.00482    0.00471    0.00461    0.00450    0.00439    0.00435    0.00435
   0.00000    0.04782    0.06734    0.08025    0.08548    0.08000    0.06634    0.05153    0.03948    0.03066    0.02439    0.01991    0.01665    0.01424    0.01241    0.01101    0.00991    0.00903    0.00834    0.00778    0.00733    0.00696    0.00667    0.00644    0.00625    0.00610    0.00598    0.00588    0.00580    0.00572    0.00552    0.00527    0.00501    0.00476    0.00452    0.00430    0.00408    0.00388    0.00368    0.00349    0.00331    0.00313    0.00296    0.00280    0.00265    0.00250    0.00235    0.00221    0.00208    0.00195    0.00189    0.00187
   0.00000    0.00000    0.00000    0.00000    0.00000   -0.00000    0.00000    0.00000    0.00000    0.00000   -0.00000    0.00000   -0.00000   -0.00000   -0.00000   -0.00000   -0.00000   -0.00000   -0.00000   -0.00000   -0.00000   -0.00000   -0.00000   -0.00000   -0.00000   -0.00000   -0.00000   -0.00000   -0.00000   -0.00000   -0.00000   -0.00000   -0.00000   -0.00000   -0.00000   -0.00000   -0.00000   -0.00000   -0.00000   -0.00000   -0.00000   -0.00000   -0.00000   -0.00000   -0.00000   -0.00000   -0.00000   -0.00000   -0.00000   -0.00000   -0.00000   -0.00000
   0.00000    0.00000   -0.00000    0.00000    0.00000   -0.00000   -0.00000   -0.00000   -0.00000   -0.00000   -0.00000   -0.00000   -0.00000   -0.00000   -0.00000   -0.00000   -0.00000   -0.00000   -0.00000   -0.00000   -0.00000   -0.00000   -0.00000   -0.00000   -0.00000   -0.00001   -0.00001   -0.00001   -0.00001   -0.00001   -0.00001   -0.00001   -0.00001   -0.00001   -0.00000   -0.00000   -0.00000   -0.00000   -0.00000   -0.00000   -0.00000   -0.00000   -0.00000   -0.00000   -0.00000   -0.00000   -0.00000    0.00000    0.00000    0.00000    0.00000    0.00000
   0.00000    0.00000    0.00000   -0.00000    0.00000    0.00000    0.00000    0.00000    0.00000    0.00000    0.00000    0.00000    0.00000    0.00001    0.00001    0.00001    0.00001    0.00001    0.00001    0.00001    0.00001    0.00002    0.00002    0.00002    0.00002    0.00002    0.00002    0.00002    0.00002    0.00002    0.00001    0.00001    0.00001    0.00001    0.00000    0.00000    0.00000    0.00000   -0.00000   -0.00000   -0.00000   -0.00000   -0.00000   -0.00000   -0.00000    0.00000    0.00000    0.00000    0.00000    0.00000    0.00000    0.00001
   0.00000    0.00000    0.00000    0.00000    0.00000   -0.00000   -0.00000    0.00000    0.00000   -0.00000   -0.00000   -0.00000   -0.00000   -0.00000   -0.00000   -0.00000   -0.00000   -0.00000   -0.00000   -0.00000    0.00000    0.00000   -0.00000    0.00000   -0.00000   -0.00000   -0.00000   -0.00000    0.00000   -0.00000   -0.00000   -0.00000   -0.00000   -0.00000    0.00000   -0.00000    0.00000   -0.00000   -0.00000   -0.00000   -0.00000   -0.00000   -0.00000   -0.00000   -0.00000   -0.00000   -0.00000   -0.00000   -0.00000   -0.00000   -0.00000   -0.00000
   0.00000    0.00000   -0.00000   -0.00000    0.00000   -0.00000    0.00000    0.00000    0.00000    0.00000    0.00000   -0.00000    0.00000   -0.00000   -0.00000   -0.00000   -0.00000    0.00000   -0.00000    0.00000    0.00000    0.00000    0.00000   -0.00000   -0.00000   -0.00000   -0.00000   -0.00000    0.00000    0.00000   -0.00000   -0.00000    0.00000   -0.00000   -0.00000   -0.00000   -0.00000   -0.00000   -0.00000   -0.00000   -0.00000   -0.00000   -0.00000   -0.00000   -0.00000   -0.00000   -0.00000   -0.00000   -0.00000   -0.00000   -0.00000   -0.00000
   0.00000    0.00000    0.00000   -0.00000    0.00000    0.00000    0.00000   -0.00000   -0.00000    0.00000   -0.00000    0.00000   -0.00000   -0.00000    0.00000    0.00000    0.00000    0.00000   -0.00000    0.00000    0.00000    0.00000    0.00000    0.00000    0.00000    0.00000   -0.00000   -0.00000    0.00000    0.00000   -0.00000   -0.00000   -0.00000   -0.00000    0.00000    0.00000   -0.00000   -0.00000   -0.00000   -0.00000   -0.00000   -0.00000   -0.00000   -0.00000   -0.00000   -0.00000   -0.00000    0.00000    0.00000    0.00000    0.00000    0.00000
   0.00000    0.00000    0.00009    0.00216    0.02364    0.10598    0.24367    0.38456    0.49811    0.58126    0.64052    0.68280    0.71324    0.73533    0.75140    0.76298    0.77114    0.77658    0.77970    0.78109    0.78110    0.77987    0.77752    0.77416    0.76990    0.76488    0.75927    0.75329    0.74724    0.74133    0.73770    0.73589    0.73516    0.73510    0.73548    0.73613    0.73696    0.73787    0.73881    0.73970    0.74051    0.74118    0.74167    0.74193    0.74193    0.74161    0.74094    0.73985    0.73830    0.73621    0.73540    0.73513
