   0.00000    0.00006    0.00026    0.00056    0.00084    0.00095    0.00088    0.00072    0.00057    0.00044    0.00034    0.00027    0.00022    0.00018    0.00015    0.00013    0.00012    0.00010    0.00009    0.00008    0.00008    0.00007    0.00007    0.00007    0.00006    0.00006    0.00006    0.00006    0.00006    0.00006    0.00006    0.00006    0.00006    0.00005    0.00005    0.00005    0.00005    0.00005    0.00005    0.00005    0.00005    0.00005    0.00005    0.00005    0.00005    0.00005    0.00005    0.00005    0.00005    0.00005    0.00005    0.00005
   0.00000    0.00000    0.00010    0.00092    0.00316    0.00637    0.00908    0.01049    0.01081    0.01051    0.00991    0.00921    0.00850    0.00782    0.00719    0.00663    0.00613    0.00570    0.00532    0.00500    0.00473    0.00451    0.00433    0.00418    0.00407    0.00398    0.00391    0.00386    0.00382    0.00378    0.00372    0.00364    0.00356    0.00350    0.00344    0.00338    0.00334    0.00329    0.00325    0.00321    0.00317    0.00314    0.00311    0.00307    0.00304    0.00301    0.00298    0.00295    0.00292    0.00289    0.00287    0.00287
   0.00000    0.00000    0.00009    0.00086    0.00316    0.00684    0.01047    0.01297    0.01435    0.01495    0.01511    0.01501    0.01478    0.01447    0.01413    0.01377    0.01342    0.01309    0.01277    0.01248    0.01221    0.01198    0.01177    0.01159    0.01143    0.01130    0.01118    0.01108    0.01099    0.01091    0.01046    0.00986    0.00925    0.00869    0.00817    0.00770    0.00729    0.00693    0.00662    0.00636    0.00616    0.00602    0.00593    0.00590    0.00594    0.00604    0.00621    0.00646    0.00680    0.00724    0.00742    0.00745
   0.00000    0.00074    0.00331    0.00719    0.01106    0.01322    0.01303    0.01149    0.00970    0.00811    0.00684    0.00585    0.00508    0.00448    0.00400    0.00362    0.00331    0.00306    0.00286    0.00269    0.00255    0.00244    0.00235    0.00228    0.00222    0.00218    0.00214    0.00212    0.00209    0.00207    0.00200    0.00191    0.00182    0.00173    0.00165    0.00157    0.00149    0.00142    0.00135    0.00129    0.00123    0.00117    0.00112    0.00107    0.00103    0.00098    0.00095    0.00091    0.00089    0.00087    0.00086    0.00085
   0.00000    0.00000    0.00001    0.00016    0.00064    0.00148    0.00243    0.00323    0.00382    0.00425    0.00457    0.00482    0.00503    0.00519    0.00533    0.00545    0.00554    0.00562    0.00569    0.00574    0.00578    0.00581    0.00582    0.00583    0.00583    0.00581    0.00579    0.00575    0.00572    0.00568    0.00535    0.00489    0.00445    0.00407    0.00376    0.00353    0.00338    0.00333    0.00337    0.00351    0.00376    0.00414    0.00463    0.00526    0.00604    0.00696    0.00806    0.00933    0.01081    0.01252    0.01326    0.01343
   0.00000    0.00000    0.00000    0.00000    0.00000    0.00000    0.00001    0.00002    0.00003    0.00005    0.00007    0.00010    0.00012    0.00015    0.00018    0.00022    0.00025    0.00028    0.00032    0.00035    0.00038    0.00041    0.00043    0.00045    0.00047    0.00048    0.00049    0.00049    0.00049    0.00049    0.00044    0.00038    0.00035    0.00035    0.00039    0.00048    0.00062    0.00082    0.00109    0.00144    0.00188    0.00241    0.00305    0.00381    0.00470    0.00574    0.00693    0.00831    0.00988    0.01169    0.01249    0.01269
   0.00000    0.00000    0.00002    0.00024    0.00091    0.00201    0.00318    0.00411    0.00475    0.00520    0.00552    0.00577    0.00597    0.00615    0.00630    0.00643    0.00655    0.00665    0.00674    0.00681    0.00687    0.00692    0.00696    0.00698    0.00699    0.00698    0.00696    0.00692    0.00688    0.00684    0.00640    0.00581    0.00524    0.00476    0.00438    0.00411    0.00397    0.00397    0.00412    0.00442    0.00490    0.00556    0.00643    0.00750    0.00880    0.01035    0.01216    0.01426    0.01666    0.01941    0.02063    0.02094
   0.00000    0.00000    0.00000    0.00000    0.00000    0.00000    0.00000    0.00000    0.00001    0.00001    0.00001    0.00002    0.00002    0.00003    0.00003    0.00004    0.00004    0.00005    0.00005    0.00006    0.00007    0.00007    0.00008    0.00008    0.00008    0.00009    0.00009    0.00009    0.00009    0.00009    0.00008    0.00007    0.00006    0.00006    0.00008    0.00010    0.00013    0.00019    0.00026    0.00035    0.00046    0.00060    0.00077    0.00097    0.00121    0.00149    0.00182    0.00221    0.00266    0.00319    0.00342    0.00348
   0.00000    0.00006    0.00024    0.00043    0.00057    0.00059    0.00051    0.00040    0.00030    0.00023    0.00018    0.00015    0.00012    0.00010    0.00009    0.00008    0.00007    0.00006    0.00006    0.00005    0.00005    0.00005    0.00005    0.00005    0.00004    0.00004    0.00004    0.00004    0.00004    0.00004    0.00004    0.00004    0.00004    0.00004    0.00004    0.00004    0.00004    0.00004    0.00004    0.00004    0.00004    0.00004    0.00004    0.00004    0.00004    0.00004    0.00004    0.00004    0.00004    0.00004    0.00005    0.00005
   0.00000    0.00000    0.00000    0.00000    0.00001    0.00002    0.00003    0.00003    0.00004    0.00003    0.00003    0.00003    0.00003    0.00003    0.00003    0.00003    0.00003    0.00003    0.00003    0.00003    0.00003    0.00003    0.00003    0.00003    0.00003    0.00003    0.00003    0.00003    0.00003    0.00003    0.00003    0.00003    0.00003    0.00003    0.00004    0.00004    0.00004    0.00004    0.00004    0.00004    0.00004    0.00004    0.00004    0.00004    0.00004    0.00004    0.00004    0.00004    0.00004    0.00004    0.00004    0.00004
   0.00000    0.00073    0.00330    0.00716    0.01102    0.01318    0.01299    0.01146    0.00967    0.00810    0.00683    0.00585    0.00508    0.00448    0.00400    0.00362    0.00331    0.00306    0.00286    0.00269    0.00255    0.00244    0.00235    0.00228    0.00223    0.00218    0.00215    0.00212    0.00209    0.00207    0.00200    0.00191    0.00182    0.00174    0.00165    0.00157    0.00150    0.00143    0.00136    0.00129    0.00123    0.00118    0.00112    0.00107    0.00103    0.00099    0.00095    0.00092    0.00089    0.00087    0.00086    0.00086
   0.00000    0.09702    0.09244    0.07725    0.06015    0.04287    0.02807    0.01777    0.01139    0.00758    0.00527    0.00383    0.00289    0.00226    0.00183    0.00152    0.00129    0.00113    0.00100    0.00090    0.00083    0.00077    0.00072    0.00069    0.00066    0.00064    0.00062    0.00061    0.00060    0.00059    0.00058    0.00057    0.00057    0.00056    0.00056    0.00056    0.00056    0.00055    0.00055    0.00055    0.00055    0.00055    0.00055    0.00055    0.00055    0.00055    0.00055    0.00055    0.00055    0.00055    0.00055    0.00055
   0.00000    0.00066    0.00286    0.00589    0.00859    0.00972    0.00904    0.00747    0.00588    0.00457    0.00357    0.00282    0.00226    0.00183    0.00150    0.00125    0.00104    0.00088    0.00075    0.00064    0.00055    0.00047    0.00040    0.00035    0.00030    0.00026    0.00022    0.00019    0.00017    0.00014    0.00012    0.00010    0.00008    0.00006    0.00004    0.00003    0.00003    0.00002    0.00002    0.00002    0.00002    0.00002    0.00003    0.00003    0.00003    0.00004    0.00004    0.00005    0.00005    0.00005    0.00006    0.00005
   0.00000    0.00000    0.00000    0.00000    0.00000    0.00000    0.00000    0.00001    0.00001    0.00001    0.00001    0.00001    0.00001    0.00001    0.00001    0.00001    0.00002    0.00002    0.00002    0.00002    0.00002    0.00003    0.00003    0.00003    0.00004    0.00004    0.00005    0.00006    0.00006    0.00007    0.00008    0.00009    0.00010    0.00011    0.00012    0.00013    0.00014    0.00015    0.00016    0.00018    0.00019    0.00020    0.00022    0.00023    0.00024    0.00026    0.00027    0.00028    0.00029    0.00031    0.00032    0.00033
   0.99974    0.79422    0.76409    0.75307    0.73357    0.66989    0.56488    0.45773    0.37159    0.30874    0.26420    0.23268    0.21024    0.19421    0.18281    0.17486    0.16955    0.16634    0.16532    0.16582    0.16741    0.16998    0.17342    0.17769    0.18269    0.18833    0.19446    0.20089    0.20736    0.21365    0.21908    0.22328    0.22633    0.22845    0.22985    0.23064    0.23092    0.23074    0.23015    0.22920    0.22790    0.22627    0.22435    0.22213    0.21963    0.21686    0.21384    0.21056    0.20704    0.20326    0.20148    0.20111
   0.00000    0.05916    0.06409    0.05882    0.04856    0.03551    0.02315    0.01419    0.00859    0.00526    0.00328    0.00208    0.00134    0.00086    0.00055    0.00034    0.00021    0.00012    0.00007    0.00005    0.00004    0.00003    0.00002    0.00002    0.00002    0.00001    0.00001    0.00001    0.00001    0.00001    0.00001    0.00001    0.00001    0.00000    0.00000    0.00000    0.00000    0.00000    0.00000    0.00000    0.00000    0.00000    0.00000    0.00000    0.00000    0.00000    0.00000    0.00000    0.00000    0.00000    0.00000    0.00000
   0.00000    0.00046    0.00226    0.00538    0.00910    0.01197    0.01300    0.01263    0.01171    0.01077    0.00998    0.00936    0.00891    0.00860    0.00842    0.00833    0.00833    0.00842    0.00822    0.00790    0.00760    0.00734    0.00713    0.00697    0.00685    0.00676    0.00670    0.00666    0.00663    0.00661    0.00652    0.00640    0.00628    0.00616    0.00604    0.00593    0.00582    0.00571    0.00560    0.00550    0.00539    0.00529    0.00518    0.00508    0.00497    0.00487    0.00476    0.00465    0.00454    0.00443    0.00439    0.00439
   0.00000    0.04813    0.06756    0.08038    0.08557    0.08012    0.06653    0.05181    0.03982    0.03105    0.02481    0.02035    0.01711    0.01470    0.01288    0.01147    0.01037    0.00950    0.00880    0.00824    0.00778    0.00742    0.00712    0.00689    0.00670    0.00655    0.00643    0.00633    0.00625    0.00617    0.00597    0.00572    0.00546    0.00521    0.00498    0.00475    0.00454    0.00433    0.00414    0.00395    0.00377    0.00360    0.00343    0.00327    0.00311    0.00297    0.00282    0.00269    0.00256    0.00243    0.00237    0.00235
   0.00000    0.00000    0.00000    0.00000    0.00000    0.00000    0.00000    0.00000    0.00000    0.00000    0.00000    0.00000    0.00000    0.00000    0.00000    0.00000    0.00000    0.00000    0.00000    0.00000    0.00000    0.00000    0.00000    0.00000    0.00000    0.00000    0.00000    0.00000    0.00000    0.00000    0.00000    0.00000    0.00000    0.00000    0.00000    0.00000    0.00000    0.00000    0.00000    0.00000    0.00000    0.00000    0.00000    0.00000    0.00000    0.00000    0.00000    0.00000    0.00000    0.00000    0.00000    0.00000
   0.00000    0.00000    0.00000    0.00000    0.00000    0.00000    0.00000    0.00000    0.00000    0.00000    0.00000    0.00000    0.00000    0.00000    0.00000    0.00000    0.00000    0.00000    0.00000    0.00000    0.00000    0.00000    0.00000    0.00000    0.00000    0.00000    0.00000    0.00000    0.00000    0.00000    0.00000    0.00000    0.00000    0.00000    0.00000    0.00000    0.00000    0.00000    0.00000    0.00000    0.00000    0.00000    0.00000    0.00000    0.00000    0.00000    0.00000    0.00000    0.00000    0.00000    0.00000    0.00000
   0.00000    0.00000    0.00000    0.00000    0.00000    0.00000    0.00000    0.00000    0.00000    0.00000    0.00000    0.00000    0.00000    0.00000    0.00001    0.00001    0.00001    0.00001    0.00001    0.00001    0.00001    0.00002    0.00002    0.00002    0.00002    0.00002    0.00002    0.00002    0.00002    0.00002    0.00002    0.00002    0.00002    0.00001    0.00001    0.00001    0.00001    0.00001    0.00001    0.00001    0.00001    0.00001    0.00001    0.00001    0.00001    0.00001    0.00002    0.00002    0.00002    0.00003    0.00003    0.00003
   0.00000    0.00000    0.00000    0.00000    0.00000    0.00000    0.00000    0.00000    0.00000    0.00000    0.00000    0.00000    0.00000    0.00000    0.00000    0.00000    0.00000    0.00000    0.00000    0.00000    0.00000    0.00000    0.00000    0.00000    0.00000    0.00000    0.00000    0.00000    0.00000    0.00000    0.00000    0.00000    0.00000    0.00000    0.00000    0.00000    0.00000    0.00000    0.00000    0.00000    0.00000    0.00000    0.00000    0.00000    0.00000    0.00000    0.00000    0.00000    0.00000    0.00000    0.00000    0.00000
   0.00000    0.00000    0.00000    0.00000    0.00000    0.00000    0.00000    0.00000    0.00000    0.00000    0.00000    0.00000    0.00000    0.00000    0.00000    0.00000    0.00000    0.00000    0.00000    0.00000    0.00000    0.00000    0.00000    0.00000    0.00000    0.00000    0.00000    0.00000    0.00000    0.00000    0.00000    0.00000    0.00000    0.00000    0.00000    0.00000    0.00000    0.00000    0.00000    0.00000    0.00000    0.00000    0.00000    0.00000    0.00000    0.00000    0.00000    0.00000    0.00000    0.00000    0.00000    0.00000
   0.00000    0.00000    0.00000    0.00000    0.00000    0.00000    0.00000    0.00000    0.00000    0.00000    0.00000    0.00000    0.00000    0.00000    0.00000    0.00000    0.00000    0.00000    0.00000    0.00000    0.00000    0.00000    0.00000    0.00000    0.00000    0.00000    0.00000    0.00000    0.00000    0.00000    0.00000    0.00000    0.00000    0.00000    0.00000    0.00000    0.00000    0.00000    0.00000    0.00000    0.00000    0.00000    0.00000    0.00000    0.00000    0.00000    0.00000    0.00000    0.00000    0.00000    0.00000    0.00000
   0.00000    0.00000    0.00009    0.00219    0.02386    0.10690    0.24570    0.38767    0.50211    0.58601    0.64593    0.68881    0.71981    0.74242    0.75899    0.77106    0.77969    0.78559    0.78918    0.79103    0.79149    0.79072    0.78882    0.78590    0.78207    0.77747    0.77225    0.76665    0.76096    0.75540    0.75220    0.75092    0.75080    0.75142    0.75252    0.75395    0.75560    0.75738    0.75924    0.76111    0.76296    0.76474    0.76641    0.76793    0.76926    0.77038    0.77124    0.77181    0.77206    0.77192    0.77225    0.77260
